1.546162366867065430e-02
3.445611596107482910e-01
6.242609024047851562e-02
0.000000000000000000e+00
3.445611596107482910e-01
1.243777871131896973e-01
2.782136201858520508e-03
2.888368368148803711e-01
2.357511818408966064e-01
3.445611596107482910e-01
6.362795829772949219e-05
2.253323793411254883e-02
1.983383297920227051e-02
1.311302185058593750e-06
0.000000000000000000e+00
0.000000000000000000e+00
3.445611596107482910e-01
1.390121579170227051e-01
3.585219383239746094e-05
9.206980466842651367e-03
2.213978469371795654e-01
1.162290573120117188e-06
3.441099524497985840e-01
3.045320510864257812e-01
4.004644155502319336e-01
2.225816249847412109e-03
0.000000000000000000e+00
2.882897853851318359e-03
3.161078691482543945e-02
5.506145954132080078e-02
4.252225160598754883e-03
1.780992746353149414e-01
1.311748921871185303e-01
1.100701987743377686e-01
1.261532306671142578e-04
2.382135093212127686e-01
0.000000000000000000e+00
0.000000000000000000e+00
2.085047364234924316e-01
9.061396121978759766e-03
3.145549893379211426e-01
3.162971138954162598e-01
6.198883056640625000e-05
3.445611596107482910e-01
1.543130874633789062e-01
3.239406645298004150e-01
5.662441253662109375e-07
0.000000000000000000e+00
1.192092895507812500e-07
3.100222349166870117e-01
1.165152192115783691e-01
3.844499588012695312e-06
8.325874805450439453e-04
3.072433471679687500e-01
0.000000000000000000e+00
5.503398180007934570e-02
3.627446293830871582e-02
1.909263730049133301e-01
2.684926986694335938e-02
1.281848251819610596e-01
0.000000000000000000e+00
3.299823105335235596e-01
2.741287946701049805e-01
1.764297485351562500e-05
3.278255462646484375e-07
3.111096918582916260e-01
7.348313927650451660e-02
3.057113885879516602e-01
3.276932835578918457e-01
0.000000000000000000e+00
2.388196885585784912e-01
3.158138394355773926e-01
0.000000000000000000e+00
4.245162010192871094e-03
0.000000000000000000e+00
2.366304397583007812e-04
1.131699383258819580e-01
7.818168401718139648e-02
2.759181857109069824e-01
8.262723684310913086e-03
9.040272235870361328e-02
1.025111377239227295e-01
1.851409673690795898e-02
9.810364246368408203e-02
0.000000000000000000e+00
2.880096435546875000e-03
2.443790435791015625e-06
0.000000000000000000e+00
1.204976141452789307e-01
3.337860107421875000e-06
1.917815208435058594e-02
7.958304882049560547e-02
1.358747482299804688e-03
3.445611596107482910e-01
1.788139343261718750e-07
2.805603742599487305e-01
1.015253663063049316e-01
3.692301809787750244e-01
0.000000000000000000e+00
4.493594169616699219e-04
4.172325134277343750e-07
1.806616783142089844e-04
1.518422365188598633e-01
3.344727158546447754e-01
3.303305208683013916e-01
3.138837218284606934e-02
2.651181221008300781e-01
1.896975636482238770e-01
0.000000000000000000e+00
1.904442906379699707e-02
3.445611596107482910e-01
3.245224952697753906e-01
3.372361660003662109e-01
3.933981359004974365e-01
0.000000000000000000e+00
2.392128109931945801e-02
1.884820759296417236e-01
5.657553672790527344e-03
8.289515972137451172e-04
1.756265759468078613e-01
1.801632344722747803e-01
1.389503479003906250e-03
3.445611596107482910e-01
1.187850236892700195e-01
1.324415206909179688e-04
1.354607939720153809e-01
4.021209478378295898e-02
4.089148640632629395e-01
0.000000000000000000e+00
8.918333053588867188e-02
1.788139343261718750e-07
4.308044910430908203e-03
3.154392242431640625e-01
3.480464220046997070e-01
2.051574289798736572e-01
1.596426069736480713e-01
8.187413215637207031e-03
2.565979957580566406e-05
0.000000000000000000e+00
1.455008983612060547e-02
2.980232238769531250e-07
9.376108646392822266e-02
1.753903031349182129e-01
2.634015679359436035e-01
2.908706665039062500e-05
7.152557373046875000e-07
5.662441253662109375e-07
1.018794775009155273e-01
8.252859115600585938e-04
5.304813385009765625e-06
3.146729469299316406e-01
3.797357082366943359e-01
4.513472318649291992e-03
5.122572183609008789e-03
4.670339822769165039e-02
4.373461008071899414e-03
7.529854774475097656e-04
1.568686068058013916e-01
2.797722816467285156e-03
6.136861443519592285e-02
1.858053803443908691e-01
2.385278940200805664e-01
1.750804781913757324e-01
5.987828969955444336e-02
1.506665050983428955e-01
2.615815103054046631e-01
5.020168423652648926e-02
2.498981356620788574e-02
0.000000000000000000e+00
2.931645512580871582e-01
3.192574977874755859e-01
5.071461200714111328e-04
2.461671829223632812e-05
1.960656344890594482e-01
1.202283203601837158e-01
1.331454515457153320e-02
8.052587509155273438e-05
0.000000000000000000e+00
6.842601299285888672e-02
2.086162567138671875e-07
3.445611596107482910e-01
1.490116119384765625e-07
6.555110216140747070e-03
5.304968357086181641e-02
2.276897430419921875e-05
3.191038966178894043e-01
2.154111862182617188e-03
1.039571464061737061e-01
3.101331889629364014e-01
1.999348402023315430e-03
9.739130735397338867e-03
9.632509946823120117e-02
3.903558552265167236e-01
3.014175295829772949e-01
1.363545656204223633e-03
1.115560531616210938e-03
0.000000000000000000e+00
3.683210909366607666e-01
5.528569221496582031e-03
3.188996315002441406e-01
8.798390626907348633e-03
0.000000000000000000e+00
1.273555755615234375e-01
1.655991971492767334e-01
2.005686461925506592e-01
4.408418238162994385e-01
1.434862613677978516e-03
5.590915679931640625e-03
8.127796649932861328e-02
2.999305129051208496e-01
9.185314178466796875e-03
3.380718827247619629e-02
6.765156984329223633e-02
3.261195421218872070e-01
2.416393160820007324e-02
8.852407336235046387e-02
0.000000000000000000e+00
3.397475779056549072e-01
3.784894943237304688e-06
2.872506082057952881e-01
0.000000000000000000e+00
2.511574625968933105e-01
1.763816475868225098e-01
3.027290105819702148e-03
3.338589668273925781e-01
7.970884442329406738e-02
0.000000000000000000e+00
6.338745355606079102e-03
0.000000000000000000e+00
1.587986946105957031e-02
1.341104507446289062e-05
3.872611224651336670e-01
1.541970372200012207e-01
1.264440715312957764e-01
1.863296926021575928e-01
0.000000000000000000e+00
4.094839096069335938e-02
7.392466068267822266e-04
4.144913852214813232e-01
9.077787399291992188e-05
2.033810317516326904e-01
1.083487272262573242e-02
0.000000000000000000e+00
0.000000000000000000e+00
0.000000000000000000e+00
2.377033233642578125e-04
3.161115646362304688e-01
1.628088057041168213e-01
1.963731348514556885e-01
3.040435016155242920e-01
2.980232238769531250e-07
1.457819938659667969e-01
3.582209944725036621e-01
1.208394765853881836e-02
1.417398452758789062e-04
3.841775655746459961e-02
1.814776659011840820e-02
1.977006793022155762e-01
3.455132246017456055e-01
2.555211782455444336e-01
7.258623838424682617e-02
4.238992929458618164e-03
6.503820419311523438e-03
4.102522134780883789e-01
3.452415168285369873e-01
4.571974277496337891e-04
3.024839162826538086e-01
6.879585981369018555e-02
1.788437068462371826e-01
2.886561155319213867e-01
2.485032081604003906e-01
0.000000000000000000e+00
1.814367473125457764e-01
4.031835198402404785e-01
2.805908918380737305e-01
2.229014039039611816e-02
1.389968395233154297e-01
3.278932571411132812e-01
3.860235214233398438e-03
4.688560962677001953e-03
1.622403264045715332e-01
0.000000000000000000e+00
1.311302185058593750e-06
1.623843014240264893e-01
3.445611596107482910e-01
3.044472932815551758e-01
1.068413257598876953e-03
1.039779186248779297e-02
3.410875797271728516e-03
1.801031827926635742e-02
2.133741080760955811e-01
4.881754517555236816e-02
1.154860854148864746e-02
4.303528964519500732e-01
1.482817530632019043e-02
4.444310963153839111e-01
0.000000000000000000e+00
3.072500228881835938e-03
1.103035509586334229e-01
0.000000000000000000e+00
1.428917944431304932e-01
1.418696045875549316e-01
1.457086205482482910e-02
8.372029662132263184e-02
4.057441949844360352e-01
2.815959453582763672e-01
0.000000000000000000e+00
6.818473339080810547e-03
1.259464323520660400e-01
2.674903869628906250e-01
8.262455463409423828e-03
5.450746417045593262e-02
0.000000000000000000e+00
3.056481480598449707e-02
2.713802456855773926e-01
2.343240380287170410e-02
6.191968917846679688e-03
3.334712982177734375e-01
2.499707937240600586e-01
2.397635877132415771e-01
1.014569997787475586e-01
3.797918558120727539e-01
5.996254086494445801e-02
1.234114170074462891e-04
6.343176960945129395e-02
9.685754776000976562e-06
1.194514036178588867e-01
1.165608465671539307e-01
2.542397379875183105e-02
3.491398692131042480e-02
2.956691384315490723e-02
4.570841789245605469e-03
3.265655636787414551e-01
1.294034719467163086e-02
6.739795207977294922e-04
2.928495407104492188e-03
4.768371582031250000e-07
2.533727884292602539e-01
2.098754048347473145e-02
2.811841964721679688e-01
8.043915033340454102e-03
9.122771024703979492e-02
0.000000000000000000e+00
7.460856437683105469e-02
3.445611596107482910e-01
1.462559700012207031e-01
4.172325134277343750e-07
6.812807917594909668e-02
1.389733552932739258e-01
4.626358449459075928e-01
2.791225910186767578e-03
1.156003773212432861e-01
2.503021061420440674e-01
8.373063802719116211e-02
8.138984441757202148e-03
1.154899597167968750e-03
9.347528219223022461e-03
2.661800980567932129e-01
0.000000000000000000e+00
6.770431995391845703e-03
1.560986042022705078e-03
3.408786654472351074e-02
0.000000000000000000e+00
2.308342456817626953e-01
4.836916923522949219e-05
2.318620681762695312e-05
2.864170372486114502e-01
2.986679077148437500e-01
1.458953022956848145e-01
1.105422973632812500e-01
1.600867509841918945e-02
9.575784206390380859e-04
9.503275156021118164e-03
1.276088356971740723e-01
3.036705851554870605e-01
3.685444593429565430e-02
4.808676242828369141e-02
2.844651937484741211e-01
3.762805461883544922e-01
1.886616647243499756e-01
3.168619275093078613e-01
3.025562167167663574e-01
3.008365631103515625e-01
4.156367182731628418e-01
1.033732295036315918e-01
0.000000000000000000e+00
5.435082316398620605e-02
3.653615713119506836e-03
2.616797387599945068e-01
5.940198898315429688e-04
1.299639642238616943e-01
1.095072627067565918e-01
0.000000000000000000e+00
2.690479159355163574e-02
0.000000000000000000e+00
6.244033575057983398e-02
3.468990325927734375e-05
2.150154113769531250e-02
1.293027698993682861e-01
2.592802047729492188e-05
1.710411906242370605e-02
2.939210534095764160e-01
2.041971385478973389e-01
3.960284590721130371e-01
2.946342825889587402e-01
3.445611596107482910e-01
5.011981725692749023e-02
1.722782850265502930e-03
1.062407493591308594e-01
1.408553421497344971e-01
1.958310604095458984e-04
4.619345068931579590e-02
3.577105402946472168e-01
9.660929441452026367e-03
2.533197402954101562e-04
2.249820530414581299e-01
1.217696964740753174e-01
2.778027653694152832e-01
2.345919609069824219e-03
0.000000000000000000e+00
3.647804260253906250e-05
6.574392318725585938e-05
5.436956882476806641e-03
3.444442749023437500e-01
1.611828804016113281e-03
9.367799758911132812e-02
4.507964253425598145e-01
7.875704765319824219e-02
1.783013343811035156e-03
0.000000000000000000e+00
5.215141177177429199e-02
1.707887649536132812e-01
2.804665863513946533e-01
6.059595942497253418e-02
3.926864266395568848e-02
2.220588624477386475e-01
7.661104202270507812e-03
0.000000000000000000e+00
0.000000000000000000e+00
1.251697540283203125e-06
2.915520071983337402e-01
5.583181977272033691e-02
0.000000000000000000e+00
0.000000000000000000e+00
1.078915894031524658e-01
3.787690699100494385e-01
1.391453146934509277e-01
1.061002910137176514e-01
1.175224184989929199e-01
3.445611596107482910e-01
1.477897167205810547e-04
0.000000000000000000e+00
2.221456170082092285e-02
6.763333082199096680e-02
3.222376704216003418e-01
2.542153000831604004e-01
1.788139343261718750e-07
1.251429319381713867e-03
4.947185516357421875e-06
1.618921756744384766e-03
0.000000000000000000e+00
2.118770480155944824e-01
1.173285543918609619e-01
0.000000000000000000e+00
0.000000000000000000e+00
6.496906280517578125e-06
0.000000000000000000e+00
3.360505998134613037e-01
1.019716262817382812e-03
3.266783356666564941e-01
3.445611596107482910e-01
0.000000000000000000e+00
8.728674054145812988e-02
4.724144935607910156e-02
1.760908961296081543e-02
1.152008771896362305e-03
8.940696716308593750e-08
4.412546753883361816e-02
1.672039031982421875e-01
2.186578512191772461e-02
1.388788223266601562e-04
3.023658990859985352e-01
3.369931578636169434e-01
1.369416713714599609e-04
3.601518273353576660e-01
1.499056816101074219e-05
1.281499862670898438e-06
5.696535110473632812e-03
4.107257723808288574e-02
7.554543018341064453e-02
2.135728001594543457e-01
3.137592673301696777e-01
3.520515561103820801e-01
2.557039260864257812e-05
4.912739992141723633e-02
3.686556220054626465e-01
1.783248186111450195e-01
1.824498176574707031e-04
1.409647166728973389e-01
2.240635752677917480e-01
6.541061401367187500e-02
5.732858180999755859e-02
0.000000000000000000e+00
3.143148124217987061e-01
1.788814663887023926e-01
7.198244333267211914e-03
2.105578780174255371e-02
1.366049051284790039e-03
4.035085439682006836e-03
2.721990942955017090e-01
2.197235822677612305e-03
7.951050996780395508e-02
0.000000000000000000e+00
2.753069400787353516e-01
2.653982341289520264e-01
2.856706380844116211e-01
3.468590974807739258e-01
1.426452398300170898e-01
3.844678401947021484e-03
5.751195549964904785e-02
5.049529671669006348e-02
5.939278006553649902e-02
2.193242311477661133e-03
3.306832313537597656e-01
3.008700609207153320e-01
3.081335425376892090e-01
1.211433708667755127e-01
2.764379978179931641e-01
4.107024967670440674e-01
2.678309381008148193e-01
2.302673459053039551e-02
3.304793238639831543e-01
1.292393803596496582e-01
4.123723506927490234e-02
2.863092422485351562e-01
7.706806063652038574e-02
2.476328015327453613e-01
2.752834558486938477e-02
5.171954631805419922e-03
2.651444077491760254e-01
6.745186448097229004e-02
2.091173529624938965e-01
2.015680074691772461e-03
2.813310027122497559e-01
0.000000000000000000e+00
3.445611596107482910e-01
0.000000000000000000e+00
2.060990035533905029e-01
3.490886092185974121e-02
1.182216405868530273e-02
1.468204855918884277e-01
7.152557373046875000e-07
2.575689554214477539e-01
2.880284190177917480e-02
2.593007087707519531e-01
0.000000000000000000e+00
7.897615432739257812e-06
6.940960884094238281e-05
1.932352781295776367e-03
4.996061325073242188e-03
0.000000000000000000e+00
2.048075199127197266e-03
9.723633527755737305e-03
3.291725516319274902e-01
3.260580599308013916e-01
2.938270568847656250e-01
6.105899810791015625e-04
2.084013223648071289e-01
2.177043557167053223e-01
3.037571907043457031e-03
1.927631497383117676e-01
4.071262478828430176e-02
1.995941400527954102e-01
1.562783420085906982e-01
3.828912973403930664e-03
9.823593497276306152e-02
1.655100584030151367e-01
1.192092895507812500e-07
4.591053724288940430e-02
3.308832645416259766e-03
7.748603820800781250e-07
1.621009111404418945e-01
2.119865119457244873e-01
4.215210676193237305e-03
8.940696716308593750e-08
6.586313247680664062e-06
3.358392715454101562e-01
5.126863718032836914e-03
2.353757619857788086e-03
7.228940725326538086e-03
4.563111066818237305e-02
0.000000000000000000e+00
2.968801259994506836e-01
8.265882730484008789e-02
1.561224460601806641e-03
3.445611596107482910e-01
1.869857311248779297e-03
3.024244904518127441e-01
3.242160081863403320e-01
3.589330911636352539e-01
3.919684886932373047e-02
1.408336758613586426e-01
1.729348003864288330e-01
3.016300201416015625e-01
9.376704692840576172e-04
3.843353390693664551e-01
0.000000000000000000e+00
1.236626505851745605e-02
1.720712780952453613e-01
0.000000000000000000e+00
2.008129656314849854e-01
2.318497002124786377e-01
3.411393761634826660e-01
7.435536384582519531e-02
6.255939602851867676e-02
3.652583360671997070e-01
2.678219079971313477e-01
2.083809375762939453e-01
3.883106112480163574e-01
3.032095432281494141e-01
2.323298156261444092e-01
4.906424880027770996e-02
8.120673894882202148e-02
1.602479815483093262e-02
3.445611596107482910e-01
9.371459484100341797e-03
7.950353622436523438e-02
1.639127731323242188e-06
3.085142374038696289e-01
3.642558753490447998e-01
1.307891011238098145e-01
6.343126296997070312e-04
0.000000000000000000e+00
2.255530953407287598e-01
8.054000139236450195e-02
1.000820994377136230e-01
2.692747712135314941e-01
4.637312889099121094e-02
4.411365985870361328e-01
0.000000000000000000e+00
1.067458391189575195e-01
8.790099620819091797e-02
3.407187759876251221e-01
8.314818143844604492e-03
8.209109306335449219e-03
6.738498806953430176e-02
4.152825474739074707e-02
0.000000000000000000e+00
3.256696462631225586e-02
1.496417820453643799e-01
2.032728195190429688e-01
2.867999672889709473e-02
2.847162485122680664e-01
2.557497620582580566e-01
1.528859138488769531e-05
1.677442193031311035e-01
7.732746005058288574e-02
1.260280609130859375e-02
2.108502388000488281e-02
4.154776930809020996e-01
1.901355385780334473e-02
4.768371582031250000e-07
1.373037397861480713e-01
1.490116119384765625e-07
5.796176195144653320e-02
5.840167403221130371e-02
2.583236098289489746e-01
3.325645029544830322e-01
5.071410536766052246e-02
4.071891307830810547e-03
1.381950974464416504e-01
1.013278961181640625e-06
3.445611596107482910e-01
2.375043332576751709e-01
2.591278254985809326e-01
1.132141649723052979e-01
1.007527112960815430e-03
2.114674448966979980e-02
0.000000000000000000e+00
2.194634079933166504e-02
7.613813877105712891e-02
3.774875402450561523e-02
3.497532010078430176e-02
1.923352479934692383e-03
4.169613122940063477e-03
1.836135387420654297e-01
2.817612886428833008e-01
3.104893863201141357e-01
2.330182790756225586e-01
6.905198097229003906e-05
2.688359618186950684e-01
6.756252050399780273e-02
5.546817183494567871e-02
2.061879038810729980e-01
2.937582731246948242e-01
9.063521027565002441e-02
1.681998372077941895e-01
2.443711161613464355e-01
1.788139343261718750e-07
3.445611596107482910e-01
1.331865787506103516e-03
1.092507839202880859e-01
8.982619643211364746e-02
1.314669847488403320e-03
1.131241321563720703e-01
3.792345523834228516e-03
1.989215612411499023e-03
0.000000000000000000e+00
2.847654819488525391e-01
3.455702066421508789e-01
0.000000000000000000e+00
2.366713583469390869e-01
5.146825313568115234e-02
1.702781915664672852e-01
5.625459551811218262e-02
8.672475814819335938e-06
2.634861469268798828e-01
0.000000000000000000e+00
1.673443317413330078e-01
1.399368047714233398e-02
6.116926670074462891e-04
1.275616288185119629e-01
2.880266606807708740e-01
2.978217601776123047e-02
4.045844078063964844e-03
1.819292306900024414e-01
1.024782657623291016e-03
1.549290418624877930e-01
1.089882850646972656e-01
0.000000000000000000e+00
2.062786817550659180e-01
1.969775557518005371e-02
1.802164614200592041e-01
3.068763017654418945e-02
0.000000000000000000e+00
1.206737458705902100e-01
3.274749517440795898e-01
7.727742195129394531e-05
2.247095108032226562e-05
3.355741500854492188e-05
1.929543018341064453e-01
3.299151062965393066e-01
3.779419064521789551e-01
6.661117076873779297e-04
1.402168869972229004e-01
1.502186059951782227e-03
1.239763200283050537e-01
3.445611596107482910e-01
1.045992374420166016e-01
1.732961535453796387e-01
0.000000000000000000e+00
3.576278686523437500e-07
2.970173060894012451e-01
7.608234882354736328e-04
0.000000000000000000e+00
3.842905163764953613e-02
0.000000000000000000e+00
3.154176771640777588e-01
2.451111972332000732e-01
3.188452422618865967e-01
1.467764377593994141e-04
2.164471447467803955e-01
2.198411822319030762e-01
3.061020970344543457e-01
9.018403291702270508e-02
2.871769070625305176e-01
2.264368534088134766e-02
1.163688302040100098e-02
1.587170958518981934e-01
2.115964889526367188e-06
3.445611596107482910e-01
3.285656571388244629e-01
1.847738027572631836e-01
4.087727665901184082e-01
9.618371725082397461e-03
3.410482406616210938e-01
1.859545707702636719e-02
1.958660781383514404e-01
2.633962631225585938e-01
2.777193784713745117e-01
1.330155134201049805e-02
2.369046211242675781e-03
2.257823944091796875e-04
1.109783053398132324e-01
5.909672379493713379e-02
1.196315884590148926e-01
3.358276486396789551e-01
3.385937213897705078e-01
3.144293427467346191e-01
8.979180455207824707e-02
1.567182242870330811e-01
3.014802932739257812e-04
1.474022865295410156e-04
1.984834671020507812e-05
1.668930053710937500e-06
8.398294448852539062e-05
3.325301110744476318e-01
2.730571627616882324e-01
2.970073819160461426e-01
2.257550656795501709e-01
2.043735086917877197e-01
1.480264663696289062e-01
1.114372014999389648e-01
9.605288505554199219e-05
7.557433843612670898e-02
0.000000000000000000e+00
3.045032322406768799e-01
6.196320056915283203e-03
0.000000000000000000e+00
3.457147479057312012e-01
3.003715276718139648e-01
7.163888216018676758e-02
1.003438234329223633e-01
3.012537360191345215e-01
2.574920654296875000e-04
7.985314726829528809e-02
2.980232238769531250e-08
3.856294155120849609e-01
2.994283139705657959e-01
0.000000000000000000e+00
1.510535478591918945e-01
1.047028303146362305e-01
3.513883948326110840e-01
5.276823043823242188e-02
1.911953091621398926e-02
7.288911938667297363e-02
2.740492820739746094e-01
0.000000000000000000e+00
2.836261689662933350e-01
3.406405448913574219e-05
1.467776000499725342e-01
3.016356229782104492e-01
2.507770359516143799e-01
2.256035804748535156e-04
3.479969501495361328e-02
3.948730528354644775e-01
4.302203655242919922e-03
6.287086009979248047e-02
6.434470415115356445e-03
3.445611596107482910e-01
2.949973940849304199e-01
1.838189363479614258e-02
1.770276129245758057e-01
3.674210608005523682e-01
1.823902130126953125e-05
2.811155319213867188e-01
3.625000715255737305e-01
3.893862366676330566e-01
9.244382381439208984e-02
2.313852310180664062e-04
1.843546330928802490e-01
3.086626529693603516e-04
6.117650866508483887e-02
7.234400510787963867e-02
1.434614062309265137e-01
3.068259358406066895e-02
5.039483308792114258e-03
6.042918562889099121e-02
2.086162567138671875e-07
9.702056646347045898e-03
0.000000000000000000e+00
2.604544162750244141e-03
1.179218292236328125e-03
4.917383193969726562e-06
1.032291352748870850e-01
0.000000000000000000e+00
1.188236474990844727e-02
3.384194970130920410e-01
3.051514625549316406e-01
3.321826457977294922e-03
3.490875363349914551e-01
0.000000000000000000e+00
0.000000000000000000e+00
0.000000000000000000e+00
2.700090408325195312e-05
6.524324417114257812e-04
2.561205029487609863e-01
4.996299743652343750e-03
2.225373685359954834e-01
4.167583584785461426e-02
0.000000000000000000e+00
2.210289239883422852e-03
1.496076583862304688e-05
7.891812920570373535e-02
8.940696716308593750e-08
2.776293456554412842e-01
3.067766427993774414e-01
9.053325653076171875e-02
3.326734304428100586e-01
0.000000000000000000e+00
2.766846418380737305e-01
3.811419010162353516e-04
0.000000000000000000e+00
1.253545284271240234e-03
1.736502051353454590e-01
9.644031524658203125e-05
1.357230544090270996e-01
2.181558609008789062e-01
1.440079212188720703e-01
1.041369438171386719e-01
1.788139343261718750e-07
3.996491432189941406e-05
3.917613029479980469e-01
5.052787065505981445e-02
1.384491026401519775e-01
3.378730416297912598e-01
1.786319613456726074e-01
1.551067829132080078e-02
3.688183426856994629e-02
0.000000000000000000e+00
0.000000000000000000e+00
2.166006863117218018e-01
0.000000000000000000e+00
7.095709443092346191e-02
1.251697540283203125e-06
3.549448847770690918e-01
9.496659040451049805e-03
1.788139343261718750e-07
3.123861551284790039e-01
2.127885818481445312e-05
3.445611596107482910e-01
1.314346492290496826e-01
1.761263906955718994e-01
0.000000000000000000e+00
1.293681263923645020e-01
1.862570345401763916e-01
8.925050497055053711e-02
0.000000000000000000e+00
6.775468587875366211e-02
3.445611596107482910e-01
2.880001068115234375e-02
1.340817213058471680e-01
0.000000000000000000e+00
1.592346727848052979e-01
6.437301635742187500e-05
1.400690674781799316e-01
2.619981765747070312e-03
2.072200179100036621e-01
8.573740720748901367e-03
1.089073121547698975e-01
1.414613723754882812e-01
2.980232238769531250e-08
3.445611596107482910e-01
4.569706320762634277e-02
4.577320814132690430e-02
0.000000000000000000e+00
4.321962594985961914e-03
9.016990661621093750e-04
5.501508712768554688e-05
1.291258633136749268e-01
2.204113900661468506e-01
3.822213411331176758e-01
3.645205795764923096e-01
2.891014814376831055e-01
6.944143772125244141e-02
3.445611596107482910e-01
0.000000000000000000e+00
1.486155986785888672e-01
5.483627319335937500e-06
4.419893026351928711e-03
8.493661880493164062e-06
2.623779773712158203e-01
3.445611596107482910e-01
3.445611596107482910e-01
3.130818009376525879e-01
3.035391569137573242e-01
1.903729140758514404e-01
2.446410059928894043e-01
1.404867172241210938e-01
7.765984535217285156e-02
2.222391664981842041e-01
3.631365001201629639e-01
2.571940422058105469e-05
3.262408077716827393e-01
6.258487701416015625e-07
7.163375616073608398e-03
2.866477966308593750e-01
7.089972496032714844e-05
2.086162567138671875e-07
1.923711597919464111e-01
3.740298748016357422e-02
3.328824639320373535e-01
1.346985399723052979e-01
9.126678109169006348e-02
1.014888286590576172e-03
3.389373719692230225e-01
3.668800592422485352e-01
7.427066564559936523e-03
3.289667367935180664e-01
3.089281916618347168e-01
0.000000000000000000e+00
2.992749214172363281e-04
2.171474993228912354e-01
2.707242965698242188e-03
5.402001738548278809e-02
2.702525258064270020e-01
2.225355803966522217e-01
2.234636545181274414e-01
2.099369168281555176e-01
4.282593727111816406e-05
4.293978214263916016e-03
5.847424268722534180e-03
3.298976421356201172e-01
7.450580596923828125e-07
2.352567911148071289e-01
0.000000000000000000e+00
1.104474067687988281e-03
3.577778041362762451e-01
2.801269292831420898e-03
3.021168708801269531e-01
1.476258039474487305e-03
2.766793668270111084e-01
3.445611596107482910e-01
2.986041903495788574e-01
3.924846649169921875e-03
1.999894678592681885e-01
8.295780420303344727e-02
1.280874013900756836e-03
4.709300398826599121e-02
3.424271345138549805e-01
1.026962697505950928e-01
5.143880844116210938e-05
8.935734629631042480e-02
3.180834650993347168e-01
3.628516197204589844e-01
2.682238817214965820e-03
6.023883819580078125e-03
0.000000000000000000e+00
3.445611596107482910e-01
1.719319820404052734e-02
7.677778601646423340e-02
7.984042167663574219e-05
0.000000000000000000e+00
3.445611596107482910e-01
9.472930431365966797e-02
1.544260680675506592e-01
5.825877189636230469e-03
1.649856567382812500e-04
3.039836883544921875e-06
3.453953564167022705e-01
3.401536941528320312e-01
6.971675157546997070e-02
1.142002344131469727e-01
1.098266243934631348e-02
1.402232348918914795e-01
3.363485932350158691e-01
9.205511212348937988e-02
2.473592758178710938e-06
3.079381585121154785e-02
2.026248574256896973e-01
1.748204231262207031e-04
1.800060272216796875e-05
3.151368200778961182e-01
1.092788577079772949e-02
1.413535177707672119e-01
7.317632436752319336e-03
3.802206218242645264e-01
6.029427051544189453e-03
2.637836337089538574e-02
3.445611596107482910e-01
2.384185791015625000e-07
8.939445018768310547e-03
2.838298678398132324e-02
3.500265777111053467e-01
9.820702672004699707e-02
5.942580103874206543e-02
3.576278686523437500e-07
3.460606932640075684e-01
3.351509571075439453e-03
2.801372706890106201e-01
2.806077599525451660e-01
2.546578645706176758e-03
1.101460158824920654e-01
2.949185073375701904e-01
3.145871758460998535e-01
1.216306388378143311e-01
3.687104582786560059e-02
3.445611596107482910e-01
1.883149147033691406e-03
5.197381973266601562e-02
2.402067184448242188e-05
1.778011620044708252e-01
7.490545511245727539e-03
1.436726152896881104e-01
3.445611596107482910e-01
1.611189842224121094e-01
8.888992667198181152e-02
3.431552648544311523e-01
3.265624940395355225e-01
8.203488588333129883e-02
1.674843132495880127e-01
2.463708817958831787e-01
5.871057510375976562e-06
3.290534913539886475e-01
2.162259817123413086e-01
0.000000000000000000e+00
1.073637604713439941e-01
5.131959915161132812e-05
1.013278961181640625e-06
1.745621263980865479e-01
3.445611596107482910e-01
5.305558443069458008e-03
0.000000000000000000e+00
1.453372836112976074e-02
3.973242938518524170e-01
5.532056093215942383e-03
2.058770358562469482e-01
2.486676871776580811e-01
1.891602873802185059e-01
2.492104172706604004e-01
3.274677693843841553e-01
2.120847404003143311e-01
2.690092027187347412e-01
1.504457592964172363e-01
3.408606052398681641e-01
2.283714115619659424e-01
3.434927463531494141e-01
1.295036077499389648e-01
5.243629217147827148e-03
4.520606696605682373e-01
1.219262778759002686e-01
3.445611596107482910e-01
3.913938999176025391e-04
4.672765731811523438e-03
3.445611596107482910e-01
3.820711970329284668e-01
3.192405104637145996e-01
1.413285732269287109e-03
3.192875683307647705e-01
2.075434625148773193e-01
3.011793792247772217e-01
4.110932350158691406e-03
4.594981670379638672e-03
3.053892850875854492e-01
2.389699220657348633e-03
5.199518799781799316e-02
2.082203328609466553e-01
4.515528678894042969e-03
2.270258069038391113e-01
9.629875421524047852e-02
0.000000000000000000e+00
1.743460297584533691e-01
4.986613988876342773e-03
1.748144626617431641e-02
1.985003054141998291e-01
1.310449838638305664e-01
1.827062070369720459e-01
3.330417275428771973e-01
1.945908665657043457e-01
3.590902984142303467e-01
1.134764850139617920e-01
3.016999363899230957e-02
1.466989517211914062e-03
2.140609622001647949e-01
3.696599900722503662e-01
4.072159528732299805e-03
4.397630691528320312e-04
3.065835237503051758e-01
2.615834176540374756e-01
2.774677872657775879e-01
3.330682218074798584e-01
4.102976918220520020e-01
1.822067499160766602e-01
2.323303818702697754e-01
1.089802384376525879e-02
2.505622506141662598e-01
4.312932491302490234e-02
2.508776783943176270e-01
0.000000000000000000e+00
2.635243535041809082e-02
0.000000000000000000e+00
5.671381950378417969e-05
8.144366741180419922e-02
1.438701152801513672e-02
3.215164244174957275e-01
1.137852668762207031e-04
6.942906975746154785e-02
2.741739749908447266e-01
4.198725223541259766e-01
4.466775059700012207e-02
1.569239795207977295e-01
9.934666752815246582e-02
3.228830695152282715e-01
1.080676913261413574e-02
5.272567272186279297e-03
1.750671863555908203e-02
2.051300406455993652e-01
1.965731978416442871e-01
1.762901842594146729e-01
4.087895154953002930e-03
3.556442260742187500e-02
3.180676400661468506e-01
4.208379983901977539e-02
2.858018279075622559e-01
2.457354366779327393e-01
3.383809030055999756e-01
8.004546165466308594e-03
3.272092938423156738e-01
1.521126031875610352e-01
7.292595505714416504e-02
1.281332969665527344e-02
3.925442695617675781e-03
7.208889722824096680e-02
2.743494212627410889e-01
2.232472896575927734e-01
3.447512686252593994e-01
1.587643623352050781e-01
3.309091329574584961e-01
3.445611596107482910e-01
3.123854100704193115e-01
9.911954402923583984e-04
3.445611596107482910e-01
2.913717627525329590e-01
1.695185899734497070e-03
1.018067300319671631e-01
2.481969594955444336e-01
0.000000000000000000e+00
2.049348950386047363e-01
1.373887062072753906e-05
0.000000000000000000e+00
5.185604095458984375e-06
8.773866295814514160e-02
3.313289880752563477e-01
1.449286937713623047e-04
2.831220626831054688e-06
9.229841828346252441e-02
2.426564991474151611e-01
3.790855407714843750e-03
2.357432246208190918e-02
1.490116119384765625e-07
1.306527853012084961e-02
9.435701370239257812e-02
1.993726193904876709e-01
6.381928920745849609e-02
3.025034070014953613e-01
5.584955215454101562e-04
1.281499862670898438e-05
3.033929467201232910e-01
2.791310846805572510e-01
2.609654366970062256e-01
3.440138697624206543e-01
5.139088630676269531e-02
3.445611596107482910e-01
7.320591807365417480e-02
7.509523630142211914e-02
3.060775995254516602e-02
3.359671235084533691e-01
4.658102989196777344e-05
9.108906984329223633e-02
2.642787694931030273e-01
6.504774093627929688e-03
0.000000000000000000e+00
2.479694485664367676e-01
5.563199520111083984e-04
2.985286712646484375e-01
1.637339591979980469e-04
3.445611596107482910e-01
3.445611596107482910e-01
2.433207631111145020e-02
0.000000000000000000e+00
9.073019027709960938e-04
3.296025395393371582e-01
9.046745300292968750e-02
2.709130644798278809e-01
5.160635709762573242e-02
1.684139966964721680e-01
0.000000000000000000e+00
2.570327520370483398e-01
2.425046563148498535e-01
4.914048314094543457e-02
1.585356891155242920e-01
9.572654962539672852e-03
1.174986362457275391e-01
2.644211053848266602e-03
2.595219016075134277e-02
2.801300287246704102e-01
8.735060691833496094e-05
1.679363846778869629e-01
2.298050522804260254e-01
3.445611596107482910e-01
3.148195147514343262e-01
2.188920974731445312e-03
4.092329740524291992e-02
2.501988410949707031e-01
5.371481180191040039e-03
1.045575737953186035e-02
1.042774617671966553e-01
9.085720777511596680e-02
3.194869160652160645e-01
3.482988476753234863e-02
3.819311559200286865e-01
2.767127752304077148e-02
1.175422072410583496e-01
3.736813068389892578e-01
4.500150680541992188e-05
0.000000000000000000e+00
1.378902792930603027e-02
0.000000000000000000e+00
1.966953277587890625e-04
8.540001511573791504e-02
0.000000000000000000e+00
6.314504146575927734e-02
3.260876238346099854e-01
0.000000000000000000e+00
1.660545170307159424e-01
0.000000000000000000e+00
3.410843610763549805e-01
0.000000000000000000e+00
1.390056610107421875e-01
1.258873939514160156e-01
1.366120278835296631e-01
2.998006343841552734e-01
3.080392777919769287e-01
3.200769424438476562e-05
7.020458579063415527e-02
2.325308024883270264e-01
1.348614692687988281e-03
1.234016418457031250e-01
4.175272583961486816e-02
1.907604932785034180e-02
4.678964614868164062e-06
2.681781053543090820e-01
2.974462509155273438e-02
6.155925989151000977e-02
3.712654113769531250e-03
3.332918286323547363e-01
1.488451361656188965e-01
5.568861961364746094e-04
1.964273154735565186e-01
3.190822005271911621e-01
2.347457408905029297e-02
0.000000000000000000e+00
2.123475372791290283e-01
7.748603820800781250e-07
1.699030399322509766e-04
8.753836154937744141e-04
8.812546730041503906e-05
3.445611596107482910e-01
4.806998372077941895e-02
8.611470460891723633e-03
1.210297346115112305e-01
8.035394549369812012e-02
0.000000000000000000e+00
1.788423061370849609e-01
3.445611596107482910e-01
3.859153389930725098e-02
3.043069243431091309e-01
2.855017781257629395e-01
7.760524749755859375e-04
8.145481348037719727e-03
2.458804249763488770e-01
5.534449219703674316e-02
5.146847572177648544e-03
