3.952076435089111328e-01
4.269404113292694092e-01
3.284696042537689209e-01
1.112892329692840576e-01
4.269404113292694092e-01
3.786088228225708008e-01
3.719626069068908691e-01
4.146420955657958984e-01
3.344250023365020752e-01
4.616839587688446045e-01
4.269404113292694092e-01
9.999891519546508789e-01
3.914993405342102051e-01
1.439305841922760010e-01
2.741184830665588379e-01
6.175878643989562988e-02
1.484153270721435547e-01
2.273743450641632080e-01
4.269404113292694092e-01
1.375264525413513184e-01
3.072114884853363037e-01
7.385728359222412109e-01
1.824090778827667236e-01
7.633306384086608887e-01
3.592792153358459473e-01
4.002639949321746826e-01
1.918577849864959717e-01
3.824827075004577637e-01
3.018206954002380371e-01
4.700652360916137695e-01
4.811889529228210449e-01
2.153427600860595703e-01
3.512158095836639404e-01
2.138171494007110596e-01
8.621098995208740234e-01
5.457377433776855469e-02
2.256631851196289062e-01
2.075002789497375488e-01
1.458652019500732422e-01
3.236195445060729980e-01
1.000000000000000000e+00
4.803144335746765137e-01
9.720796346664428711e-02
5.999373197555541992e-01
4.415398836135864258e-01
2.659668922424316406e-01
3.897639214992523193e-01
5.049857497215270996e-01
2.762104272842407227e-01
2.598915696144104004e-01
4.401823878288269043e-01
4.161199033260345459e-01
1.552410125732421875e-01
4.269404113292694092e-01
6.332607269287109375e-01
3.349651396274566650e-01
9.679155349731445312e-01
7.035742402076721191e-01
4.380327761173248291e-01
4.050342440605163574e-01
4.942901730537414551e-01
3.589159548282623291e-01
3.575093746185302734e-01
6.676532030105590820e-01
3.049565553665161133e-01
5.612700581550598145e-01
4.082016348838806152e-01
1.967563331127166748e-01
8.664221763610839844e-01
2.114710807800292969e-01
4.451230764389038086e-01
1.570067405700683594e-01
2.667108178138732910e-01
2.319679856300354004e-01
3.950821161270141602e-01
4.599148333072662354e-01
2.141402363777160645e-01
3.692524433135986328e-01
3.273833990097045898e-01
4.457631111145019531e-01
4.827756285667419434e-01
3.935914039611816406e-01
5.202280879020690918e-01
2.901580333709716797e-01
3.699974119663238525e-01
5.173602700233459473e-02
4.004516005516052246e-01
2.753188610076904297e-01
4.010129868984222412e-01
8.898350000381469727e-01
7.050213813781738281e-01
2.221333682537078857e-01
3.428021371364593506e-01
9.901959300041198730e-01
8.081061840057373047e-01
4.356168508529663086e-01
4.198502302169799805e-01
2.795168757438659668e-01
1.915171742439270020e-01
3.096393942832946777e-01
1.513001620769500732e-01
2.331033647060394287e-01
3.388899266719818115e-01
9.363168478012084961e-01
3.008083105087280273e-01
2.758564949035644531e-01
3.763502240180969238e-01
2.190054059028625488e-01
2.762679457664489746e-01
9.427121877670288086e-01
3.080692887306213379e-01
2.693169116973876953e-01
4.610989689826965332e-01
3.048322200775146484e-01
2.126964628696441650e-01
3.437327444553375244e-01
6.584325432777404785e-02
2.052426934242248535e-01
3.785389959812164307e-01
1.501096487045288086e-01
4.269404113292694092e-01
7.231091856956481934e-01
5.444622039794921875e-02
4.920684099197387695e-01
1.905397176742553711e-01
5.355776548385620117e-01
3.202379047870635986e-01
2.522260546684265137e-01
4.237328171730041504e-01
2.285873293876647949e-01
5.398754477500915527e-01
2.032260298728942871e-01
5.056405663490295410e-01
3.666557073593139648e-01
4.322875440120697021e-01
4.322895109653472900e-01
3.760113716125488281e-01
4.046959877014160156e-01
2.197117805480957031e-01
2.215977311134338379e-01
4.988550245761871338e-01
4.255073964595794678e-01
4.269404113292694092e-01
3.059728741645812988e-01
4.161347150802612305e-01
5.636968016624450684e-01
3.119935691356658936e-01
1.725475788116455078e-01
3.692689538002014160e-01
2.285909354686737061e-01
5.268698930740356445e-02
2.208350896835327148e-01
4.542251527309417725e-01
5.381194353103637695e-01
3.255309164524078369e-01
2.731449007987976074e-01
4.269404113292694092e-01
4.005679488182067871e-01
2.366497516632080078e-01
3.206502497196197510e-01
3.303796052932739258e-01
9.999942779541015625e-01
2.346174716949462891e-01
7.395921945571899414e-01
2.107254564762115479e-01
3.412336409091949463e-01
2.740391492843627930e-01
4.061681628227233887e-01
4.081856012344360352e-01
4.038825333118438721e-01
3.777876496315002441e-01
3.208609223365783691e-01
5.834065675735473633e-01
3.074019253253936768e-01
5.205118060111999512e-01
8.180251717567443848e-02
6.208971738815307617e-01
3.877811133861541748e-01
9.941843748092651367e-01
1.401416659355163574e-01
1.730514764785766602e-01
3.838801085948944092e-01
4.269404113292694092e-01
3.803400993347167969e-01
3.552235364913940430e-01
7.888967394828796387e-01
1.881048381328582764e-01
3.685264885425567627e-01
1.944858431816101074e-01
1.018046438694000244e-01
1.631714403629302979e-01
3.068289160728454590e-01
4.252232909202575684e-01
1.212600171566009521e-01
1.048646867275238037e-01
3.275128901004791260e-01
3.334829807281494141e-01
3.121387660503387451e-01
2.857842445373535156e-01
2.546694576740264893e-01
4.411956071853637695e-01
2.199985980987548828e-01
3.876183032989501953e-01
2.784775495529174805e-01
3.887470662593841553e-01
3.477619886398315430e-01
4.546890258789062500e-01
3.210403919219970703e-01
1.984364092350006104e-01
1.488721668720245361e-01
8.506235480308532715e-01
5.044045448303222656e-01
3.911553621292114258e-01
4.383106231689453125e-01
1.237680912017822266e-01
3.269675970077514648e-01
6.978702545166015625e-01
2.595499157905578613e-01
6.068839430809020996e-01
6.982803344726562500e-02
1.283441185951232910e-01
2.095743119716644287e-01
1.778700053691864014e-01
7.087984681129455566e-02
4.269404113292694092e-01
2.179701328277587891e-01
3.062630295753479004e-01
1.516225337982177734e-01
2.398534715175628662e-01
5.249596834182739258e-01
3.417208790779113770e-01
5.175191164016723633e-01
2.248341143131256104e-01
2.958041131496429443e-01
4.921041429042816162e-01
4.622628986835479736e-01
1.520223915576934814e-01
1.869596838951110840e-01
4.280852973461151123e-01
3.691714107990264893e-01
3.372787237167358398e-01
4.134009182453155518e-01
9.673087000846862793e-01
6.465512514114379883e-02
6.667459607124328613e-01
3.156452178955078125e-01
4.808329343795776367e-01
2.022821307182312012e-01
3.256045579910278320e-01
2.849533557891845703e-01
4.269404113292694092e-01
3.424565196037292480e-01
9.999998807907104492e-01
1.272485256195068359e-01
2.587248086929321289e-01
4.021306633949279785e-01
4.040703773498535156e-01
9.905523657798767090e-01
2.109547257423400879e-01
3.323744535446166992e-01
9.478026032447814941e-01
4.547592401504516602e-01
1.293100118637084961e-01
4.174202084541320801e-01
4.671945869922637939e-01
3.047489523887634277e-01
2.581172585487365723e-01
2.210119068622589111e-01
4.167646765708923340e-01
2.533258199691772461e-01
3.745941519737243652e-01
3.584530353546142578e-01
5.182579755783081055e-01
3.174384236335754395e-01
3.978750705718994141e-01
3.926019072532653809e-01
1.479286849498748779e-01
4.303191900253295898e-01
3.179683685302734375e-01
2.680696249008178711e-01
7.490000128746032715e-01
2.454398572444915771e-01
1.541155576705932617e-01
2.105331420898437500e-01
3.805558085441589355e-01
4.706494510173797607e-01
5.223249197006225586e-01
5.290296673774719238e-01
4.257162511348724365e-01
2.736496329307556152e-01
4.049454331398010254e-01
1.994093656539916992e-01
4.345161914825439453e-01
1.198832392692565918e-01
6.730065345764160156e-01
2.467668652534484863e-01
3.529188632965087891e-01
9.801062941551208496e-02
9.563651680946350098e-02
1.988312900066375732e-01
9.678772091865539551e-01
2.467320263385772705e-01
2.960124611854553223e-01
4.153287112712860107e-01
4.959667026996612549e-01
2.252625226974487305e-01
3.798410296440124512e-01
3.688704371452331543e-01
1.924393177032470703e-01
2.311711013317108154e-01
4.269404113292694092e-01
5.645849704742431641e-01
1.803563237190246582e-01
2.107154726982116699e-01
1.617892682552337646e-01
2.438958287239074707e-01
7.382832169532775879e-01
3.722892403602600098e-01
4.247745871543884277e-01
3.433213233947753906e-01
2.527459859848022461e-01
2.090744376182556152e-01
9.132204651832580566e-01
1.275595128536224365e-01
9.446582794189453125e-01
4.601640105247497559e-01
2.691616415977478027e-01
4.876255393028259277e-01
9.999910593032836914e-01
3.723585903644561768e-01
3.241736292839050293e-01
3.155506551265716553e-01
4.087429940700531006e-01
5.232312679290771484e-01
2.932312488555908203e-01
2.878007292747497559e-01
5.730823874473571777e-01
5.322301387786865234e-01
1.411674916744232178e-01
2.928351163864135742e-01
6.374156475067138672e-01
4.183593094348907471e-01
6.847589015960693359e-01
2.047255039215087891e-01
1.855387389659881592e-01
4.208120405673980713e-01
2.013829052448272705e-01
6.570028662681579590e-01
3.744011819362640381e-01
5.723659396171569824e-01
9.916754961013793945e-01
4.538498818874359131e-01
4.269404113292694092e-01
5.185663104057312012e-01
4.037881493568420410e-01
3.325513601303100586e-01
7.005287408828735352e-01
4.566872119903564453e-02
2.748913764953613281e-01
1.783165037631988525e-01
9.960943460464477539e-01
3.214506506919860840e-01
4.465295672416687012e-01
3.598759174346923828e-01
9.895691275596618652e-01
2.455911040306091309e-01
8.762813806533813477e-01
4.748890995979309082e-01
2.247256040573120117e-01
9.335761070251464844e-01
2.125711143016815186e-01
4.223169684410095215e-01
2.844016849994659424e-01
3.938401937484741211e-01
3.918502330780029297e-01
2.928793132305145264e-01
2.388926744461059570e-01
9.999743700027465820e-01
9.960148334503173828e-01
5.426882505416870117e-01
3.713842928409576416e-01
2.627389430999755859e-01
9.991540908813476562e-01
3.007718920707702637e-01
2.745078206062316895e-01
3.680255711078643799e-01
3.269670307636260986e-01
3.248367905616760254e-01
1.476141512393951416e-01
6.238369941711425781e-01
7.741967439651489258e-01
4.078973531723022461e-01
4.060009121894836426e-01
4.164265692234039307e-01
2.716610431671142578e-01
4.114755690097808838e-01
3.638763427734375000e-01
3.733260035514831543e-01
2.762994170188903809e-01
4.342446029186248779e-01
3.916672468185424805e-01
2.756377160549163818e-01
1.752825677394866943e-01
8.104872703552246094e-01
3.951001167297363281e-02
1.862430572509765625e-01
2.520517408847808838e-01
2.835659384727478027e-01
4.173218905925750732e-01
2.158306837081909180e-01
4.145516157150268555e-01
1.200327277183532715e-01
3.843775391578674316e-01
3.939726352691650391e-01
3.907742202281951904e-01
1.691763997077941895e-01
5.824517607688903809e-01
2.225699722766876221e-01
4.336512982845306396e-01
1.802376508712768555e-01
3.113732337951660156e-01
2.996920943260192871e-01
3.830366432666778564e-01
2.669154405593872070e-01
3.373349905014038086e-01
7.680782079696655273e-01
9.759460687637329102e-01
4.269404113292694092e-01
2.110427021980285645e-01
3.743516802787780762e-01
3.599271476268768311e-01
1.898655593395233154e-01
6.001036167144775391e-01
3.564512729644775391e-02
2.746913135051727295e-01
4.099002778530120850e-01
4.570774137973785400e-01
9.207341670989990234e-01
3.854296803474426270e-01
4.824365079402923584e-01
3.168001174926757812e-01
3.297794461250305176e-01
3.561592102050781250e-01
4.581451416015625000e-02
4.701342880725860596e-01
3.532036244869232178e-01
2.987647652626037598e-01
2.743984758853912354e-01
2.395149469375610352e-01
1.732545793056488037e-01
6.219121217727661133e-01
3.905958533287048340e-01
2.185333371162414551e-01
3.383081555366516113e-01
4.395714700222015381e-01
3.922742903232574463e-01
4.732458889484405518e-01
5.144813656806945801e-01
4.075561165809631348e-01
2.530776560306549072e-01
4.489134252071380615e-01
2.846662402153015137e-01
9.609278440475463867e-01
1.189762651920318604e-01
4.080882370471954346e-01
3.241143226623535156e-01
3.666185140609741211e-01
3.198866248130798340e-01
2.166922390460968018e-01
3.748956322669982910e-01
9.289247989654541016e-01
2.487778961658477783e-01
4.082559347152709961e-01
3.403488397598266602e-01
2.935325801372528076e-01
9.765939712524414062e-01
3.415123522281646729e-01
3.822507858276367188e-01
9.998084306716918945e-01
2.996465563774108887e-01
1.635937392711639404e-01
3.449968099594116211e-01
3.709563612937927246e-01
2.350587248802185059e-01
3.767673671245574951e-01
2.515308558940887451e-01
1.311733126640319824e-01
2.239431440830230713e-01
2.600356936454772949e-02
3.814255297183990479e-01
2.085085511207580566e-01
3.394579291343688965e-01
1.695807576179504395e-01
1.912334859371185303e-01
4.714693129062652588e-01
3.277585208415985107e-01
1.515048742294311523e-01
3.774302303791046143e-01
3.013885319232940674e-01
9.338097572326660156e-01
4.099918007850646973e-01
4.269404113292694092e-01
9.999800920486450195e-01
3.600987792015075684e-01
2.181847989559173584e-01
1.575586795806884766e-01
3.694093227386474609e-01
2.641958594322204590e-01
5.168971419334411621e-01
4.282559752464294434e-01
3.492246270179748535e-01
2.429643273353576660e-01
4.295030832290649414e-01
3.555212616920471191e-01
3.568782806396484375e-01
3.979057073593139648e-01
2.226830422878265381e-01
4.096329808235168457e-01
2.267046868801116943e-01
5.382394790649414062e-01
7.210231423377990723e-01
1.751434504985809326e-01
4.018172025680541992e-01
3.189885914325714111e-01
5.243633389472961426e-01
5.734864473342895508e-01
4.035697281360626221e-01
8.625562191009521484e-01
8.004183769226074219e-01
2.051648497581481934e-01
4.049448966979980469e-01
2.608155608177185059e-01
2.960516214370727539e-01
9.807064533233642578e-01
3.234463930130004883e-01
3.423756361007690430e-01
7.136721014976501465e-01
1.670288741588592529e-01
1.301671564579010010e-01
3.831852674484252930e-01
2.801120877265930176e-01
2.977898120880126953e-01
1.514498293399810791e-01
1.248607635498046875e-01
4.880830347537994385e-01
3.305712342262268066e-01
6.196306943893432617e-01
1.735440194606781006e-01
2.643806338310241699e-01
2.898872494697570801e-01
4.209517240524291992e-01
2.843191921710968018e-01
3.809876441955566406e-01
2.415148913860321045e-01
4.269404113292694092e-01
9.988872408866882324e-01
2.188308835029602051e-01
2.038039267063140869e-01
1.863832473754882812e-01
3.496504724025726318e-01
3.833570778369903564e-01
3.066596388816833496e-01
2.369213998317718506e-01
3.022259473800659180e-01
8.928513526916503906e-02
1.270531117916107178e-01
5.666307210922241211e-01
2.102280557155609131e-01
4.072770476341247559e-01
2.726061344146728516e-01
3.956405222415924072e-01
1.031865477561950684e-01
3.259439766407012939e-01
2.875849008560180664e-01
4.153895378112792969e-01
4.379343986511230469e-02
4.119851291179656982e-01
4.269404113292694092e-01
2.496905922889709473e-01
3.096142411231994629e-01
1.895256042480468750e-01
2.423626184463500977e-01
2.371227145195007324e-01
2.621538043022155762e-01
2.249025404453277588e-01
5.731264352798461914e-01
3.167186379432678223e-01
3.520689606666564941e-01
3.900192975997924805e-01
4.423433542251586914e-01
3.935451805591583252e-01
1.953208148479461670e-01
5.877207517623901367e-01
3.727710247039794922e-01
2.581115961074829102e-01
3.167681396007537842e-01
3.032548427581787109e-01
4.084154069423675537e-01
2.670139670372009277e-01
4.050570428371429443e-01
3.710679411888122559e-01
3.935434222221374512e-01
4.542393386363983154e-01
3.732532560825347900e-01
2.613660097122192383e-01
3.402107357978820801e-01
9.380555748939514160e-01
5.921353697776794434e-01
4.430447518825531006e-01
2.283757328987121582e-01
2.580889165401458740e-01
3.255122303962707520e-01
3.673790693283081055e-01
1.000000000000000000e+00
3.075843453407287598e-01
2.993724346160888672e-01
3.445332646369934082e-01
3.771381676197052002e-01
2.872838675975799561e-01
2.995181381702423096e-01
3.008776307106018066e-01
9.713867902755737305e-01
1.877224445343017578e-01
1.937866210937500000e-01
3.995367884635925293e-01
8.265008926391601562e-01
3.157532215118408203e-01
2.652112841606140137e-01
1.486332714557647705e-01
3.777179718017578125e-01
7.169842123985290527e-01
2.484804689884185791e-01
3.892908096313476562e-01
4.246235191822052002e-01
2.325781881809234619e-01
1.838413476943969727e-01
3.314467668533325195e-01
7.555532455444335938e-01
1.638818383216857910e-01
3.275266289710998535e-01
2.777931690216064453e-01
6.206078529357910156e-01
3.800850510597229004e-01
4.257543683052062988e-01
2.217385768890380859e-01
3.575655221939086914e-01
3.851810097694396973e-01
9.656262397766113281e-01
8.000876307487487793e-01
4.918010234832763672e-01
4.459695518016815186e-01
6.576288938522338867e-01
1.222390830516815186e-01
3.760960698127746582e-01
4.135749638080596924e-01
1.931347846984863281e-01
9.238836169242858887e-02
4.179117679595947266e-01
2.383535802364349365e-01
3.625605404376983643e-01
2.504556477069854736e-01
1.597766578197479248e-01
2.990881800651550293e-01
2.152981758117675781e-01
4.576764106750488281e-01
7.264865040779113770e-01
7.177776694297790527e-01
5.569924712181091309e-01
5.083423852920532227e-01
3.846389055252075195e-01
1.893274486064910889e-01
4.269404113292694092e-01
1.701101660728454590e-01
3.619978427886962891e-01
2.432314157485961914e-01
2.498935759067535400e-01
2.543550431728363037e-01
1.938177347183227539e-01
9.998466372489929199e-01
3.872685432434082031e-01
3.933043181896209717e-01
5.106667280197143555e-01
6.340962648391723633e-01
2.612238526344299316e-01
9.637080430984497070e-01
2.613459229469299316e-01
2.858998179435729980e-01
3.245347738265991211e-01
6.049053072929382324e-01
9.435579180717468262e-02
7.678037881851196289e-01
1.797565519809722900e-01
1.097140610218048096e-01
1.745739281177520752e-01
3.876284658908843994e-01
9.999173879623413086e-01
4.118431806564331055e-01
4.018134474754333496e-01
3.217071592807769775e-01
9.848287105560302734e-01
3.339620530605316162e-01
3.453491628170013428e-01
1.578941941261291504e-01
4.882018566131591797e-01
3.446007072925567627e-01
3.741647005081176758e-01
2.951221466064453125e-01
1.695186197757720947e-01
7.292231321334838867e-01
2.353810667991638184e-01
4.984264373779296875e-01
2.691573500633239746e-01
3.576067686080932617e-01
5.131941437721252441e-01
4.409107863903045654e-01
8.569355010986328125e-01
1.716644763946533203e-01
5.616182684898376465e-01
1.823030114173889160e-01
9.810839891433715820e-01
3.229901492595672607e-01
4.507856667041778564e-01
4.797478616237640381e-01
3.204001784324645996e-01
3.175244927406311035e-01
2.282630205154418945e-01
3.970119059085845947e-01
4.663494825363159180e-01
2.167734503746032715e-01
1.729805171489715576e-01
9.880697727203369141e-02
9.527698755264282227e-01
2.570338845252990723e-01
1.741224229335784912e-01
5.318600535392761230e-01
3.805120885372161865e-01
2.041345834732055664e-01
1.736800372600555420e-01
9.885861277580261230e-01
4.269404113292694092e-01
4.110107123851776123e-01
3.951814174652099609e-01
4.956013858318328857e-01
5.140647888183593750e-01
3.910042941570281982e-01
2.595897912979125977e-01
4.915075004100799561e-01
4.074026942253112793e-01
2.177749872207641602e-01
7.139322161674499512e-01
2.247215807437896729e-01
1.938936710357666016e-01
3.419410288333892822e-01
2.839921712875366211e-01
3.725515902042388916e-01
7.061071395874023438e-01
3.344284892082214355e-01
3.789921700954437256e-01
2.677631378173828125e-01
1.925937831401824951e-01
4.300611913204193115e-01
4.105956852436065674e-01
2.131356298923492432e-01
4.420425593852996826e-01
4.220125079154968262e-01
3.739537894725799561e-01
7.210281491279602051e-01
3.162596821784973145e-01
2.571113705635070801e-01
3.678225278854370117e-01
4.269404113292694092e-01
3.949112594127655029e-01
1.941875517368316650e-01
2.637303471565246582e-01
3.764291107654571533e-01
3.870144486427307129e-01
2.626953125000000000e-01
4.164772033691406250e-01
3.739998340606689453e-01
2.566955685615539551e-01
4.599198997020721436e-01
4.767997264862060547e-01
9.358309507369995117e-01
3.436968922615051270e-01
9.999996423721313477e-01
4.784235656261444092e-01
3.245588541030883789e-01
8.412500023841857910e-01
5.344212651252746582e-01
1.398055553436279297e-01
3.003893494606018066e-01
3.157264888286590576e-01
5.082390904426574707e-01
2.506234049797058105e-01
3.078957796096801758e-01
1.305678784847259521e-01
2.642461061477661133e-01
2.021140456199645996e-01
1.832157075405120850e-01
3.028789758682250977e-01
3.181533813476562500e-01
3.377366662025451660e-01
7.862851023674011230e-01
3.898009657859802246e-01
4.740890264511108398e-01
6.745570302009582520e-01
3.843646645545959473e-01
1.943977475166320801e-01
3.939909934997558594e-01
5.292313694953918457e-01
2.582014203071594238e-01
1.743604838848114014e-01
2.527742981910705566e-01
5.400908589363098145e-01
2.608965039253234863e-01
2.577063441276550293e-01
2.916109859943389893e-01
3.583667278289794922e-01
2.764255404472351074e-01
3.822729289531707764e-01
4.064970314502716064e-01
4.979744255542755127e-01
4.640479087829589844e-01
1.821158528327941895e-01
1.507652997970581055e-01
9.981725215911865234e-01
3.524889349937438965e-01
2.713692784309387207e-01
4.269404113292694092e-01
7.486444115638732910e-01
3.636441230773925781e-01
1.000000000000000000e+00
3.926652967929840088e-01
5.110505223274230957e-01
2.465918064117431641e-01
1.703315079212188721e-01
6.644664406776428223e-01
1.484792530536651611e-01
1.366036534309387207e-01
5.364799499511718750e-01
9.805403351783752441e-01
3.712609112262725830e-01
3.252834975719451904e-01
2.691265940666198730e-01
3.407699465751647949e-01
6.251872777938842773e-01
2.283133864402770996e-01
1.992017924785614014e-01
3.640178442001342773e-01
7.731114625930786133e-01
9.609396457672119141e-01
9.416984319686889648e-01
4.198941588401794434e-01
3.952178657054901123e-01
2.528141140937805176e-01
2.532971501350402832e-01
5.346269011497497559e-01
5.816409587860107422e-01
2.481246590614318848e-01
4.602576494216918945e-01
5.564630031585693359e-01
2.527869343757629395e-01
3.957968056201934814e-01
3.671995997428894043e-01
5.499929189682006836e-01
4.173906743526458740e-01
5.403746366500854492e-01
4.091989398002624512e-01
2.105551958084106445e-01
4.269404113292694092e-01
1.505436003208160400e-01
3.777017593383789062e-01
4.063595235347747803e-01
3.386299312114715576e-01
5.752484798431396484e-01
3.730682134628295898e-01
4.789953529834747314e-01
2.409577965736389160e-01
1.315378248691558838e-01
8.694785833358764648e-01
3.773455619812011719e-01
9.602995514869689941e-01
4.320575594902038574e-01
5.190283656120300293e-01
2.144687473773956299e-01
6.559731960296630859e-01
3.471805751323699951e-01
3.345584273338317871e-01
2.163590490818023682e-01
1.734512448310852051e-01
3.065273165702819824e-01
2.858314812183380127e-01
3.212077617645263672e-01
9.510707855224609375e-02
3.648024201393127441e-01
2.393291890621185303e-01
4.218190312385559082e-01
1.887261271476745605e-01
3.187651336193084717e-01
4.371764361858367920e-01
2.182986140251159668e-01
3.038201928138732910e-01
1.343911886215209961e-01
2.497788369655609131e-01
3.830513060092926025e-01
3.831527233123779297e-01
3.853779137134552002e-01
2.775551974773406982e-01
9.845556020736694336e-01
2.398681044578552246e-01
1.063483059406280518e-01
6.327533721923828125e-01
1.593371629714965820e-01
1.589352190494537354e-01
6.799799203872680664e-02
3.488977551460266113e-01
4.131699204444885254e-01
4.234151244163513184e-01
1.161182522773742676e-01
4.214434027671813965e-01
1.189892888069152832e-01
3.105663061141967773e-01
4.269404113292694092e-01
2.181316912174224854e-01
2.750422656536102295e-01
3.111757040023803711e-01
3.102682530879974365e-01
4.524546861648559570e-01
2.584652900695800781e-01
1.000000000000000000e+00
3.165246844291687012e-01
3.310977816581726074e-01
3.186904788017272949e-01
3.959769606590270996e-01
5.885109901428222656e-01
4.765114486217498779e-01
9.969360828399658203e-01
2.706485390663146973e-01
4.160507321357727051e-01
4.290528893470764160e-01
1.709204614162445068e-01
3.601696491241455078e-01
3.461106419563293457e-01
5.322428345680236816e-01
2.396423518657684326e-01
4.161447286605834961e-01
2.363777160644531250e-01
3.041221499443054199e-01
3.863835036754608154e-01
2.137247323989868164e-01
4.269404113292694092e-01
4.039717316627502441e-01
2.823819518089294434e-01
4.611145853996276855e-01
3.276109695434570312e-01
4.235814809799194336e-01
2.697464823722839355e-01
4.179764986038208008e-01
2.568780183792114258e-01
3.333151638507843018e-01
5.045117735862731934e-01
2.660686969757080078e-01
3.254010975360870361e-01
1.242631077766418457e-01
4.213584065437316895e-01
5.746064782142639160e-01
3.788421154022216797e-01
3.647692203521728516e-01
2.965302467346191406e-01
4.262002110481262207e-01
3.593559265136718750e-01
3.855610489845275879e-01
3.638522326946258545e-01
3.256791830062866211e-01
7.227604389190673828e-01
2.749803662300109863e-01
1.771039962768554688e-01
1.799700558185577393e-01
1.235413849353790283e-01
3.231966495513916016e-01
4.456803798675537109e-01
3.769842684268951416e-01
3.766900300979614258e-01
9.565361738204956055e-01
7.955601215362548828e-01
3.113118708133697510e-01
3.275722861289978027e-01
2.406212389469146729e-01
8.392482995986938477e-02
1.078352332115173340e-01
2.450650334358215332e-01
8.562610745429992676e-01
6.589508056640625000e-02
4.156634807586669922e-01
4.384400248527526855e-01
5.630897879600524902e-01
3.276557326316833496e-01
2.204811573028564453e-01
1.000000000000000000e+00
4.282782375812530518e-01
9.782046675682067871e-01
4.101735949516296387e-01
1.265096366405487061e-01
1.000000000000000000e+00
2.057030498981475830e-01
4.687473773956298828e-01
2.654021382331848145e-01
9.986273050308227539e-01
6.440317630767822266e-02
7.545540928840637207e-01
4.187837541103363037e-01
3.162878453731536865e-01
6.384457945823669434e-01
4.959903955459594727e-01
3.817148804664611816e-01
1.070548593997955322e-01
1.761890649795532227e-01
1.531531214714050293e-01
9.654750823974609375e-01
5.306605100631713867e-01
3.761072754859924316e-01
2.067556083202362061e-01
2.440329492092132568e-01
3.598856925964355469e-01
3.880777657032012939e-01
2.110476493835449219e-01
4.640168845653533936e-01
4.821353256702423096e-01
3.084670901298522949e-01
3.263263404369354248e-01
3.902188837528228760e-01
3.829326927661895752e-01
3.477118015289306641e-01
1.723037362098693848e-01
8.973267674446105957e-02
6.033152341842651367e-01
3.151693940162658691e-01
2.182303071022033691e-01
2.138842642307281494e-01
5.864472389221191406e-01
4.542931914329528809e-01
4.269404113292694092e-01
3.469838798046112061e-01
4.935785233974456787e-01
3.157752752304077148e-01
2.207371890544891357e-01
4.937870502471923828e-01
2.224964797496795654e-01
3.367259502410888672e-01
6.882828474044799805e-01
6.266528367996215820e-01
4.323793649673461914e-01
4.389228224754333496e-01
2.305830419063568115e-01
2.632436454296112061e-01
2.364992201328277588e-01
2.564434707164764404e-01
6.706465482711791992e-01
2.704013586044311523e-01
5.377445816993713379e-01
2.256511747837066650e-01
5.248814225196838379e-01
2.979518771171569824e-01
2.333098649978637695e-01
6.398692131042480469e-01
3.044420480728149414e-01
4.209508895874023438e-01
2.314275205135345459e-01
1.470827460289001465e-01
2.106218338012695312e-01
2.580078244209289551e-01
1.102655231952667236e-01
3.426922261714935303e-01
2.628397941589355469e-01
2.731180787086486816e-01
1.465658247470855713e-01
5.238798856735229492e-01
5.073145031929016113e-01
4.051894545555114746e-01
1.533053219318389893e-01
5.569535493850708008e-01
5.788417458534240723e-01
4.264800846576690674e-01
7.379333376884460449e-01
2.905344069004058838e-01
3.279474973678588867e-01
1.142768263816833496e-01
2.568241953849792480e-01
2.426022589206695557e-01
3.696776628494262695e-01
9.110705256462097168e-01
8.866018056869506836e-02
4.936991631984710693e-01
3.869857490062713623e-01
2.378558218479156494e-01
2.472789585590362549e-01
3.993534445762634277e-01
6.654626727104187012e-01
7.491972446441650391e-01
3.803488016128540039e-01
2.891501188278198242e-01
3.226538598537445068e-01
3.873688876628875732e-01
3.993069827556610107e-01
5.349035859107971191e-01
7.624969482421875000e-01
4.533343017101287842e-01
2.428509891033172607e-01
3.305117487907409668e-01
6.342793703079223633e-01
2.404239177703857422e-01
2.545114159584045410e-01
2.505765557289123535e-01
1.969184279441833496e-01
5.830404162406921387e-01
1.343408524990081787e-01
1.649949252605438232e-01
3.268091678619384766e-01
3.478213548660278320e-01
3.877049982547760010e-01
2.145617604255676270e-01
1.700098514556884766e-01
4.835581183433532715e-01
3.304783105850219727e-01
3.762625455856323242e-01
4.043123722076416016e-01
2.691294848918914795e-01
5.281317234039306641e-01
1.052249073982238770e-01
3.588063120841979980e-01
1.224840879440307617e-01
1.041827201843261719e-01
9.612875580787658691e-01
2.820091843605041504e-01
7.383438348770141602e-01
3.806138932704925537e-01
2.990265488624572754e-01
2.054854333400726318e-01
7.197329998016357422e-01
3.788295686244964600e-01
8.906279802322387695e-01
2.063295245170593262e-01
7.303821444511413574e-01
3.015617132186889648e-01
4.888540506362915039e-01
3.837786316871643066e-01
1.188749670982360840e-01
4.269404113292694092e-01
1.978041827678680420e-01
4.143794476985931396e-01
1.988672912120819092e-01
1.894119083881378174e-01
4.018299579620361328e-01
3.714610338211059570e-01
1.378787457942962646e-01
2.553375065326690674e-01
4.757894277572631836e-01
4.269404113292694092e-01
1.735018789768218994e-01
3.060823082923889160e-01
2.712941169738769531e-01
9.456864595413208008e-01
2.042897045612335205e-01
5.006045699119567871e-01
6.839032173156738281e-01
2.371617257595062256e-01
1.265578866004943848e-01
4.169672429561614990e-01
3.390049338340759277e-01
4.420938193798065186e-01
1.717944145202636719e-01
4.698208272457122803e-01
9.865195751190185547e-01
1.814848184585571289e-01
4.269404113292694092e-01
4.344417750835418701e-01
1.443233191967010498e-01
1.133428215980529785e-01
5.405186414718627930e-01
1.275001466274261475e-01
2.003105282783508301e-01
2.990733981132507324e-01
3.592467904090881348e-01
2.635819315910339355e-01
8.744682073593139648e-01
3.982356786727905273e-01
4.729345440864562988e-01
2.866215705871582031e-01
6.206080317497253418e-01
4.269404113292694092e-01
2.731348276138305664e-01
4.535228013992309570e-01
1.513109803199768066e-01
9.875673055648803711e-02
2.928997278213500977e-01
4.988548159599304199e-01
2.800297141075134277e-01
4.269404113292694092e-01
4.269404113292694092e-01
5.027550458908081055e-01
4.006184935569763184e-01
4.448892176151275635e-01
4.417527914047241211e-01
3.855303525924682617e-01
3.808186054229736328e-01
1.981989741325378418e-01
2.576099038124084473e-01
4.379243552684783936e-01
4.329007863998413086e-02
9.180946350097656250e-01
5.756615400314331055e-01
3.458800613880157471e-01
5.644356608390808105e-01
5.365852713584899902e-01
4.212101101875305176e-01
2.491277158260345459e-01
1.435070633888244629e-01
1.865682601928710938e-01
1.980120837688446045e-01
4.253408014774322510e-01
1.445195972919464111e-01
2.433023750782012939e-01
8.906976580619812012e-01
7.931029796600341797e-01
1.414552628993988037e-01
5.733547806739807129e-01
4.544406533241271973e-01
2.547795772552490234e-01
4.162684082984924316e-01
3.744050562381744385e-01
4.556309878826141357e-01
2.525262832641601562e-01
3.045335412025451660e-01
4.268507063388824463e-01
5.847182273864746094e-01
1.550931930541992188e-01
3.718761205673217773e-01
3.729323446750640869e-01
6.801282167434692383e-01
3.544221520423889160e-01
3.413056135177612305e-01
1.000000000000000000e+00
2.581835985183715820e-01
2.200170755386352539e-01
3.328293263912200928e-01
1.336210370063781738e-01
3.074989914894104004e-01
7.179221510887145996e-02
1.397825777530670166e-01
9.572385549545288086e-01
3.869050443172454834e-01
4.105901420116424561e-01
2.192533314228057861e-01
3.565608859062194824e-01
4.269404113292694092e-01
4.043398201465606689e-01
4.271808564662933350e-01
3.186864256858825684e-01
4.193813800811767578e-01
3.044114708900451660e-01
2.985258698463439941e-01
4.034618139266967773e-01
1.010290384292602539e-01
1.234929263591766357e-01
8.821635842323303223e-01
3.801613152027130127e-01
9.930527210235595703e-01
6.304001808166503906e-01
3.844246268272399902e-01
4.234916567802429199e-01
3.887657821178436279e-01
6.411129236221313477e-02
3.115478157997131348e-01
7.147134542465209961e-01
7.412555813789367676e-01
3.246167898178100586e-01
4.269404113292694092e-01
2.805055975914001465e-01
2.664738297462463379e-01
2.860089540481567383e-01
1.981025934219360352e-01
4.269404113292694092e-01
2.559098899364471436e-01
1.883587539196014404e-01
4.026369452476501465e-01
3.169953227043151855e-01
3.266633152961730957e-01
1.163184642791748047e-01
3.463283777236938477e-01
7.068133354187011719e-01
3.586651384830474854e-01
4.069472551345825195e-01
2.196217179298400879e-01
3.363220095634460449e-01
4.179374575614929199e-01
3.942921459674835205e-01
1.331641376018524170e-01
3.097983002662658691e-01
3.725116848945617676e-01
2.242923378944396973e-01
1.229999065399169922e-01
4.245761036872863770e-01
3.267312049865722656e-01
1.189001500606536865e-01
5.779926180839538574e-01
4.328353404998779297e-01
9.160156846046447754e-01
1.715055704116821289e-01
4.868533909320831299e-01
4.269404113292694092e-01
2.942839264869689941e-01
3.547967672348022461e-01
3.697744309902191162e-01
4.174506664276123047e-01
4.269404113292694092e-01
3.138213753700256348e-01
2.829773426055908203e-01
2.659258544445037842e-01
4.269404113292694092e-01
4.269404113292694092e-01
3.749087452888488770e-01
4.512091875076293945e-01
5.458447337150573730e-01
2.081555128097534180e-01
2.711692452430725098e-01
3.568999469280242920e-01
5.334991216659545898e-01
1.617152988910675049e-01
2.077288627624511719e-01
9.954684972763061523e-01
4.123540520668029785e-01
3.934784531593322754e-01
4.966150522232055664e-01
1.175170540809631348e-01
4.396315217018127441e-01
3.309598267078399658e-01
4.269404113292694092e-01
1.426393687725067139e-01
5.301411151885986328e-01
1.826295256614685059e-01
9.103090763092041016e-01
8.632128238677978516e-01
1.218566894531250000e-01
4.624793231487274170e-01
4.122289419174194336e-01
2.767653465270996094e-01
9.945114850997924805e-01
3.563257455825805664e-01
4.269404113292694092e-01
6.078512668609619141e-01
9.999989271163940430e-01
3.039183616638183594e-01
2.548519968986511230e-01
5.033936500549316406e-01
4.279535412788391113e-01
3.439857959747314453e-01
3.664419651031494141e-01
4.252233803272247314e-01
3.413530588150024414e-01
4.433448314666748047e-01
2.359222471714019775e-01
4.254185557365417480e-01
4.509174227714538574e-01
2.066676914691925049e-01
2.934451699256896973e-01
7.971969246864318848e-02
4.630958437919616699e-01
2.744833230972290039e-01
3.850731551647186279e-01
2.304598391056060791e-01
4.269404113292694092e-01
2.628004848957061768e-01
5.901713967323303223e-01
3.463179767131805420e-01
4.329394996166229248e-01
4.689785838127136230e-01
4.099973440170288086e-01
2.816914618015289307e-01
5.090804100036621094e-01
1.420148015022277832e-01
3.660573065280914307e-01
4.721834957599639893e-01
4.022675156593322754e-01
2.747513055801391602e-01
1.961515843868255615e-01
4.298485517501831055e-01
6.471801400184631348e-01
2.841565012931823730e-01
3.946603536605834961e-01
2.430635392665863037e-01
4.158485531806945801e-01
3.769012093544006348e-01
9.362426400184631348e-01
5.712593793869018555e-01
3.030739724636077881e-01
1.939661800861358643e-01
2.878485321998596191e-01
9.509779214859008789e-01
4.374763965606689453e-01
9.999843835830688477e-01
9.986264109611511230e-01
9.290949106216430664e-01
2.988505959510803223e-01
5.731697678565979004e-01
6.931879520416259766e-01
4.269404113292694092e-01
2.562251687049865723e-01
3.371895551681518555e-01
6.274438500404357910e-01
4.269404113292694092e-01
4.580886065959930420e-01
5.733137130737304688e-01
2.595854997634887695e-01
3.730092048645019531e-01
3.752799630165100098e-01
3.751353621482849121e-01
2.860375046730041504e-01
2.806025743484497070e-01
3.839683532714843750e-01
3.824829161167144775e-01
3.493648171424865723e-01
4.069692194461822510e-01
8.188545703887939453e-01
2.658243775367736816e-01
3.087360858917236328e-01
5.718356966972351074e-01
1.826474368572235107e-01
2.672724723815917969e-01
2.785632312297821045e-01
3.249198794364929199e-01
2.691773772239685059e-01
3.078080713748931885e-01
9.305371046066284180e-01
3.743273913860321045e-01
1.561730504035949707e-01
3.773481547832489014e-01
3.381583988666534424e-01
4.503150284290313721e-01
2.426002323627471924e-01
4.663867354393005371e-01
2.200078964233398438e-01
4.155989289283752441e-01
2.636791169643402100e-01
6.271536350250244141e-01
3.222252130508422852e-01
1.436690092086791992e-01
7.155863642692565918e-01
4.080238938331604004e-01
3.999714851379394531e-01
2.733608782291412354e-01
4.363728463649749756e-01
3.725857734680175781e-01
3.975463211536407471e-01
4.225008785724639893e-01
5.265845060348510742e-01
4.062827229499816895e-01
3.417598307132720947e-01
2.505050003528594971e-01
4.244272708892822266e-01
3.185013532638549805e-01
5.292642116546630859e-01
3.748710751533508301e-01
2.835001945495605469e-01
5.048339366912841797e-01
2.480664253234863281e-01
3.145247995853424072e-01
2.291882932186126709e-01
6.389583349227905273e-01
4.462249577045440674e-01
2.025263905525207520e-01
3.271770179271697998e-01
2.104605138301849365e-01
4.055365622043609619e-01
1.148347854614257812e-01
4.008417427539825439e-01
9.997896552085876465e-01
2.317715585231781006e-01
3.602041602134704590e-01
3.856419920921325684e-01
3.468527197837829590e-01
4.306619763374328613e-01
8.888253569602966309e-02
1.807416379451751709e-01
2.697705626487731934e-01
9.042423963546752930e-01
3.720156550407409668e-01
3.421902656555175781e-01
3.926123380661010742e-01
8.576416969299316406e-01
5.274096131324768066e-01
3.410003781318664551e-01
8.556078672409057617e-01
1.510012745857238770e-01
3.564276099205017090e-01
4.105460941791534424e-01
2.630913257598876953e-01
3.859186768531799316e-01
3.584424257278442383e-01
4.364667236804962158e-01
2.912408709526062012e-01
4.174231886863708496e-01
3.952637016773223877e-01
2.484242618083953857e-01
3.292827606201171875e-01
4.215139448642730713e-01
3.614080548286437988e-01
5.266882181167602539e-01
4.678837358951568604e-01
4.082649350166320801e-01
3.552244901657104492e-01
4.243367910385131836e-01
3.052057027816772461e-01
5.047736167907714844e-01
4.523381590843200684e-01
3.980935215950012207e-01
4.155967533588409424e-01
4.269404113292694092e-01
3.751268386840820312e-01
1.828594505786895752e-01
4.269404113292694092e-01
3.652920126914978027e-01
2.049808204174041748e-01
9.500697851181030273e-01
1.935203075408935547e-01
3.889041543006896973e-01
3.565841615200042725e-01
7.914410829544067383e-01
3.740106821060180664e-01
2.152580916881561279e-01
3.552390933036804199e-01
2.016456425189971924e-01
2.893587946891784668e-01
4.153211414813995361e-01
3.792555332183837891e-01
2.168756425380706787e-01
2.422635853290557861e-01
3.821822106838226318e-01
3.261197209358215332e-01
9.999964237213134766e-01
1.198056340217590332e-01
2.511627078056335449e-01
1.832138597965240479e-01
2.898045182228088379e-01
6.256657242774963379e-01
3.322133421897888184e-01
3.696594536304473877e-01
9.967022538185119629e-01
3.578773736953735352e-01
3.590390086174011230e-01
1.579224765300750732e-01
3.354212641716003418e-01
6.377035379409790039e-01
3.834584355354309082e-01
3.546221256256103516e-01
1.000000000000000000e+00
2.297642230987548828e-01
4.200136959552764893e-01
9.616247415542602539e-01
4.956355392932891846e-01
5.460925698280334473e-01
4.269404113292694092e-01
3.686703443527221680e-01
2.778430879116058350e-01
2.356980741024017334e-01
3.846721649169921875e-01
2.602255046367645264e-01
2.305002510547637939e-01
2.949796319007873535e-01
3.280529677867889404e-01
2.463947832584381104e-01
4.260641336441040039e-01
4.586711525917053223e-01
3.545102477073669434e-01
3.810647726058959961e-01
3.142780959606170654e-01
3.882148265838623047e-01
3.534107506275177002e-01
4.269404113292694092e-01
4.269404113292694092e-01
1.922769844532012939e-01
2.268530726432800293e-01
3.235007226467132568e-01
8.146685361862182617e-01
3.774993419647216797e-01
3.328404128551483154e-01
5.259202122688293457e-01
4.369980394840240479e-01
2.955713868141174316e-01
3.512448668479919434e-01
2.962061464786529541e-01
3.794484734535217285e-01
4.051678180694580078e-01
2.096970379352569580e-01
9.754249453544616699e-01
3.367738127708435059e-01
1.490892469882965088e-01
2.295058369636535645e-01
4.509207904338836670e-01
2.602549195289611816e-01
4.445384740829467773e-01
5.557462573051452637e-01
3.054897189140319824e-01
3.076631426811218262e-01
4.342520534992218018e-01
4.269404113292694092e-01
5.441323518753051758e-01
3.810918033123016357e-01
2.578472197055816650e-01
7.715967893600463867e-01
2.653801441192626953e-01
2.945034503936767578e-01
7.520282268524169922e-02
3.778191506862640381e-01
2.815456688404083252e-01
3.833527565002441406e-01
4.922716319561004639e-01
4.035047590732574463e-01
4.558435380458831787e-01
9.095009565353393555e-01
3.797307312488555908e-01
2.399806976318359375e-01
4.790764451026916504e-01
2.927584648132324219e-01
3.756381273269653320e-01
4.366150796413421631e-01
9.362547397613525391e-01
1.975699961185455322e-01
1.357027292251586914e-01
5.241693258285522461e-01
3.269911408424377441e-01
1.380535066127777100e-01
2.974194288253784180e-01
1.852047741413116455e-01
2.468346357345581055e-01
1.238043010234832764e-01
3.727070093154907227e-01
1.932428777217864990e-01
3.137425184249877930e-01
1.761939823627471924e-01
4.955633878707885742e-01
6.172857880592346191e-01
5.149661898612976074e-01
2.014206051826477051e-01
3.611861169338226318e-01
9.991133213043212891e-01
9.998083114624023438e-01
3.154041767120361328e-01
9.414525032043457031e-01
3.696090281009674072e-01
3.218753039836883545e-01
4.167548418045043945e-01
1.977874636650085449e-01
3.588312268257141113e-01
2.344689667224884033e-01
3.290501534938812256e-01
3.767210245132446289e-01
1.687788367271423340e-01
4.460374712944030762e-01
2.246671319007873535e-01
9.976546764373779297e-01
4.526735544204711914e-01
3.268960714340209961e-01
2.233093380928039551e-01
3.992669284343719482e-01
2.615917921066284180e-01
2.181895077228546143e-01
1.522393822669982910e-01
4.198778271675109863e-01
3.324186205863952637e-01
3.532139956951141357e-01
3.429785370826721191e-01
9.974187612533569336e-01
4.045800566673278809e-01
4.031088948249816895e-01
8.705517649650573730e-02
2.854684591293334961e-01
2.226041257381439209e-01
1.462326347827911377e-01
2.884556949138641357e-01
1.791158318519592285e-01
4.269404113292694092e-01
1.574130058288574219e-01
3.215202689170837402e-01
2.146719992160797119e-01
4.351564943790435791e-01
2.642430067062377930e-01
3.631101846694946289e-01
4.269404113292694092e-01
6.687557101249694824e-01
1.980242729187011719e-01
6.473105549812316895e-01
4.672184288501739502e-01
6.127619147300720215e-01
5.135761499404907227e-01
1.440220177173614502e-01
1.497114896774291992e-01
2.656332254409790039e-01
3.033494353294372559e-01
1.844888925552368164e-01
8.248417377471923828e-01
2.897076606750488281e-01
2.249397635459899902e-01
3.717752695083618164e-01
4.568292498588562012e-01
4.069270789623260498e-01
2.309998571872711182e-01
4.059288501739501953e-01
2.208145260810852051e-01
1.444168686866760254e-01
3.096765875816345215e-01
3.479856252670288086e-01
1.721073985099792480e-01
3.585846126079559326e-01
