2.413627803325653076e-01
3.453113734722137451e-01
1.621350049972534180e-01
2.333790063858032227e-03
3.453113734722137451e-01
2.808085680007934570e-01
3.705626428127288818e-01
3.015998005867004395e-01
2.227895855903625488e-01
3.575268983840942383e-01
3.453113734722137451e-01
4.739495217800140381e-01
1.832610964775085449e-01
6.966382265090942383e-03
9.639140963554382324e-02
1.013278961181640625e-06
7.885694503784179688e-05
2.514606714248657227e-02
3.453113734722137451e-01
7.097828388214111328e-02
4.669514298439025879e-02
4.527162611484527588e-01
1.059727370738983154e-01
4.945075511932373047e-01
1.353048086166381836e-01
2.911513149738311768e-01
6.961315870285034180e-03
3.206026554107666016e-01
1.317553520202636719e-01
4.150593280792236328e-01
3.916693925857543945e-01
1.265603303909301758e-02
2.877891063690185547e-02
1.217984855175018311e-01
3.970128893852233887e-01
5.996227264404296875e-05
2.219292521476745605e-02
1.423740088939666748e-01
1.389502584934234619e-01
2.326027154922485352e-01
9.998537302017211914e-01
4.010832905769348145e-01
2.976459264755249023e-02
6.031105518341064453e-01
3.532341122627258301e-01
2.615481615066528320e-03
2.631072402000427246e-01
4.195693433284759521e-01
1.867803037166595459e-01
1.818183064460754395e-01
2.965605854988098145e-01
3.367561101913452148e-01
6.765127182006835938e-06
3.453113734722137451e-01
4.098919928073883057e-01
1.102320849895477295e-01
4.480547010898590088e-01
5.607271194458007812e-01
3.155378103256225586e-01
3.037394285202026367e-01
3.393857479095458984e-01
2.369328737258911133e-01
2.240408360958099365e-01
4.214522242546081543e-01
1.341599225997924805e-01
3.754604458808898926e-01
3.314591050148010254e-01
1.423503756523132324e-01
4.276885986328125000e-01
1.518633961677551270e-02
3.296424746513366699e-01
5.710899829864501953e-03
5.504819750785827637e-02
6.000757217407226562e-03
3.047288656234741211e-01
3.208316266536712646e-01
6.157159805297851562e-04
2.319017350673675537e-01
8.138570189476013184e-02
3.577798008918762207e-01
3.112470507621765137e-01
3.073189258575439453e-01
3.866700828075408936e-01
1.265856921672821045e-01
2.203928232192993164e-01
0.000000000000000000e+00
3.286476731300354004e-01
2.319146096706390381e-01
2.966353297233581543e-01
4.608557522296905518e-01
3.741556704044342041e-01
1.892098784446716309e-02
7.474690675735473633e-02
5.317933559417724609e-01
8.058754205703735352e-01
3.668089210987091064e-01
3.170764148235321045e-01
1.044192910194396973e-02
2.572923898696899414e-03
8.437520265579223633e-02
9.321707487106323242e-02
1.915040612220764160e-02
2.002721428871154785e-01
5.341167449951171875e-01
2.051813304424285889e-01
1.803882718086242676e-01
1.450235247611999512e-01
1.294139027595520020e-02
1.988263428211212158e-01
8.429881334304809570e-01
6.709378957748413086e-02
1.034915447235107422e-03
2.752305269241333008e-01
4.445073008537292480e-02
5.339249968528747559e-02
1.713793575763702393e-01
2.980232238769531250e-08
1.229955255985260010e-01
2.437979876995086670e-01
1.579636335372924805e-02
3.453113734722137451e-01
4.899328947067260742e-01
8.940696716308593750e-08
3.887794911861419678e-01
8.401253819465637207e-02
3.542746305465698242e-01
5.116400122642517090e-02
2.384394407272338867e-03
3.707492947578430176e-01
5.570948123931884766e-04
6.279987096786499023e-01
8.955597877502441406e-05
4.383135735988616943e-01
2.876719236373901367e-01
3.636359870433807373e-01
3.504456877708435059e-01
1.832269132137298584e-01
3.232740759849548340e-01
2.242164313793182373e-01
1.440446972846984863e-01
3.956319987773895264e-01
3.849135637283325195e-01
3.453113734722137451e-01
3.111405372619628906e-01
3.052426576614379883e-01
4.478379189968109131e-01
7.383707165718078613e-02
1.023226082324981689e-01
3.281783461570739746e-01
1.431609094142913818e-01
3.919899463653564453e-04
1.762807369232177734e-04
4.089328050613403320e-01
4.360355138778686523e-01
1.323617696762084961e-01
3.600734472274780273e-02
3.453113734722137451e-01
4.782376587390899658e-01
1.407589018344879150e-01
1.535319089889526367e-01
9.491923451423645020e-02
4.639469087123870850e-01
2.498683333396911621e-02
5.137810111045837402e-01
1.557901501655578613e-02
2.720012068748474121e-01
1.920282840728759766e-03
2.348660826683044434e-01
2.972531616687774658e-01
3.245856761932373047e-01
2.566049695014953613e-01
2.009167075157165527e-01
4.548838734626770020e-01
1.863923668861389160e-02
3.681285381317138672e-01
8.386194705963134766e-03
4.954524934291839600e-01
2.524074018001556396e-01
6.519322395324707031e-01
6.378889083862304688e-04
1.764911413192749023e-02
3.218994140625000000e-01
3.453113734722137451e-01
3.010384440422058105e-01
1.827648878097534180e-01
9.876707792282104492e-01
5.785524845123291016e-04
1.317515969276428223e-01
4.293805360794067383e-02
1.277685165405273438e-03
1.500186324119567871e-02
2.519684731960296631e-01
3.799990117549896240e-01
9.238719940185546875e-07
5.977743864059448242e-02
1.778807640075683594e-01
1.677561402320861816e-01
1.827994287014007568e-01
1.410145759582519531e-01
8.714598417282104492e-02
2.720791101455688477e-01
1.399667561054229736e-01
2.970096468925476074e-01
8.770477771759033203e-02
2.650370001792907715e-01
2.118758857250213623e-01
3.742130398750305176e-01
2.857241630554199219e-01
4.453065991401672363e-02
0.000000000000000000e+00
6.020022034645080566e-01
3.919594585895538330e-01
2.925146222114562988e-01
2.335280776023864746e-01
1.738902926445007324e-02
1.755391359329223633e-01
4.197960793972015381e-01
1.685675084590911865e-01
4.412791132926940918e-01
5.432695150375366211e-03
2.674913406372070312e-02
5.164474248886108398e-03
7.427564263343811035e-02
1.827925443649291992e-03
3.453113734722137451e-01
6.689074635505676270e-02
1.281820535659790039e-01
4.947608709335327148e-02
1.691746711730957031e-02
4.132978618144989014e-01
2.345631420612335205e-01
3.230766654014587402e-01
9.359097480773925781e-02
3.310186266899108887e-01
3.352294862270355225e-01
2.728760838508605957e-01
6.324052810668945312e-05
1.586079597473144531e-04
3.860045373439788818e-01
2.610160708427429199e-01
2.473252117633819580e-01
2.888760864734649658e-01
4.765083193778991699e-01
0.000000000000000000e+00
5.951237082481384277e-01
2.173429429531097412e-01
4.087123870849609375e-01
7.696929574012756348e-02
1.011362671852111816e-01
1.664678454399108887e-01
3.453113734722137451e-01
3.620296120643615723e-01
3.980398774147033691e-01
5.942606925964355469e-02
3.540265560150146484e-02
3.189737200736999512e-01
3.147105276584625244e-01
4.390760958194732666e-01
1.275557577610015869e-01
4.325520992279052734e-02
8.106064796447753906e-01
3.798537552356719971e-01
4.986801743507385254e-02
3.217383921146392822e-01
2.872864305973052979e-01
2.264165580272674561e-01
2.092111706733703613e-01
2.005454897880554199e-02
3.219791352748870850e-01
1.000586152076721191e-02
2.357595264911651611e-01
2.338728010654449463e-01
4.038398861885070801e-01
9.056928753852844238e-02
3.067203760147094727e-01
2.983880937099456787e-01
3.072530031204223633e-03
3.287039399147033691e-01
7.239013910293579102e-02
1.790500581264495850e-01
4.404379129409790039e-01
1.529703140258789062e-01
1.807510852813720703e-04
2.324587106704711914e-01
2.479150891304016113e-01
3.689244389533996582e-01
3.828795552253723145e-01
4.102784693241119385e-01
2.720472812652587891e-01
6.496906280517578125e-06
3.172436058521270752e-01
4.589200019836425781e-03
3.043090403079986572e-01
1.439452171325683594e-05
4.581937789916992188e-01
1.056981086730957031e-02
2.741714715957641602e-01
6.359428167343139648e-03
0.000000000000000000e+00
6.258189678192138672e-04
9.995723962783813477e-01
2.747669219970703125e-01
1.193206310272216797e-01
3.207137584686279297e-01
3.875405788421630859e-01
1.227802038192749023e-02
1.652333438396453857e-01
2.596487998962402344e-01
4.076957702636718750e-05
2.260312438011169434e-02
3.453113734722137451e-01
3.712165951728820801e-01
2.986192703247070312e-05
3.745827078819274902e-02
7.717230916023254395e-02
1.955882012844085693e-01
6.996235251426696777e-01
2.277433574199676514e-01
3.582134842872619629e-01
1.938462555408477783e-01
8.088091015815734863e-02
2.914339303970336914e-03
4.620474874973297119e-01
1.490116119384765625e-07
7.777895331382751465e-01
4.105189740657806396e-01
1.502687036991119385e-01
3.692885041236877441e-01
9.098060131072998047e-01
2.707509398460388184e-01
1.678889989852905273e-01
8.423447608947753906e-02
2.903058528900146484e-01
3.708736896514892578e-01
1.029949188232421875e-01
1.906737685203552246e-01
4.523175954818725586e-01
3.424167633056640625e-01
4.291233420372009277e-02
7.689288258552551270e-02
5.376023650169372559e-01
3.265239596366882324e-01
4.779297709465026855e-01
3.772288560867309570e-03
1.126684546470642090e-01
3.420523405075073242e-01
3.856557607650756836e-02
4.766715764999389648e-01
2.493200302124023438e-01
5.609089136123657227e-01
9.769628643989562988e-01
4.131733775138854980e-01
3.453113734722137451e-01
4.165206849575042725e-01
2.967943549156188965e-01
1.588474214076995850e-01
4.994849562644958496e-01
1.254677772521972656e-03
1.085314452648162842e-01
6.438016891479492188e-03
9.964593648910522461e-01
1.380177438259124756e-01
3.691689670085906982e-01
2.510544657707214355e-02
8.620170354843139648e-01
1.620571911334991455e-01
3.970659375190734863e-01
3.971314430236816406e-01
0.000000000000000000e+00
9.911845922470092773e-01
6.586930155754089355e-02
4.217390120029449463e-01
5.796062946319580078e-02
2.743870019912719727e-01
3.138520717620849609e-01
1.424434185028076172e-01
9.699583053588867188e-03
5.786204338073730469e-01
6.429672241210937500e-01
4.371497035026550293e-01
2.608484923839569092e-01
4.411533474922180176e-02
7.202749848365783691e-01
2.056131362915039062e-01
1.289363205432891846e-01
2.544660568237304688e-01
8.416104316711425781e-02
2.366369962692260742e-01
0.000000000000000000e+00
4.550076425075531006e-01
6.858049631118774414e-01
2.856317758560180664e-01
3.340393304824829102e-01
3.760968446731567383e-01
7.532954216003417969e-03
2.860194742679595947e-01
2.729208469390869141e-01
2.901206016540527344e-01
4.381743073463439941e-02
4.380265772342681885e-01
3.101545274257659912e-01
3.048810362815856934e-02
1.078912615776062012e-02
6.526722908020019531e-01
0.000000000000000000e+00
5.097201466560363770e-02
1.810108423233032227e-01
1.832351386547088623e-01
2.591760158538818359e-01
2.590947151184082031e-01
2.121089100837707520e-01
9.195396304130554199e-02
2.785567045211791992e-01
2.938825786113739014e-01
2.742289304733276367e-01
6.416520476341247559e-02
4.888456165790557861e-01
2.263218164443969727e-03
3.346401453018188477e-01
1.829472184181213379e-02
2.700124084949493408e-01
1.384971439838409424e-01
1.997629702091217041e-01
2.649694979190826416e-01
2.437777221202850342e-01
8.165804147720336914e-01
4.455587565898895264e-01
3.453113734722137451e-01
1.023743152618408203e-01
2.299830913543701172e-01
1.940084397792816162e-01
2.025285363197326660e-02
5.333960056304931641e-01
1.147389411926269531e-05
1.301701068878173828e-01
3.304792344570159912e-01
2.846285104751586914e-01
6.536207795143127441e-01
2.624781131744384766e-01
4.134142100811004639e-01
8.520963788032531738e-02
2.084644138813018799e-01
2.178916931152343750e-01
0.000000000000000000e+00
3.321564793586730957e-01
1.763946115970611572e-01
1.912396550178527832e-01
1.800296902656555176e-01
4.243636131286621094e-02
1.627182960510253906e-02
3.778442740440368652e-01
2.566629052162170410e-01
1.549720764160156250e-06
1.232175230979919434e-01
3.564050197601318359e-01
3.011278510093688965e-01
3.991695344448089600e-01
2.967860102653503418e-01
2.892029881477355957e-01
6.814959645271301270e-02
3.683582544326782227e-01
6.900131702423095703e-02
9.296612739562988281e-01
9.949505329132080078e-04
2.995394468307495117e-01
1.642679572105407715e-01
2.752470374107360840e-01
2.460637092590332031e-01
1.125442683696746826e-01
2.867413759231567383e-01
7.935441732406616211e-01
1.305946409702301025e-01
3.369906246662139893e-01
1.816183924674987793e-01
1.621810197830200195e-01
4.482689499855041504e-01
1.580320894718170166e-01
3.519773483276367188e-02
6.094043254852294922e-01
2.762018740177154541e-01
8.792743086814880371e-02
2.757092714309692383e-01
2.613153755664825439e-01
3.988832235336303711e-03
2.665692567825317383e-01
9.609010815620422363e-02
2.682209014892578125e-07
3.232985734939575195e-03
0.000000000000000000e+00
2.017681896686553955e-01
4.957807064056396484e-02
2.322714328765869141e-01
3.005266189575195312e-04
2.932631969451904297e-02
3.623205423355102539e-01
1.129204034805297852e-01
5.160772800445556641e-02
2.291746735572814941e-01
1.499190926551818848e-01
5.033919215202331543e-01
3.188663423061370850e-01
3.453113734722137451e-01
4.955505132675170898e-01
2.079540193080902100e-01
8.939892053604125977e-02
6.038820743560791016e-02
8.716627955436706543e-02
8.363369107246398926e-02
3.122760951519012451e-01
3.453879356384277344e-01
3.461701869964599609e-01
1.969639360904693604e-01
3.752200007438659668e-01
2.191263735294342041e-01
2.562950253486633301e-01
2.765264511108398438e-01
6.715667247772216797e-02
3.490949273109436035e-01
1.291053891181945801e-01
5.508562922477722168e-01
5.888547897338867188e-01
1.078373193740844727e-02
3.333095908164978027e-01
1.281215250492095947e-01
3.838725090026855469e-01
2.881331443786621094e-01
3.789934515953063965e-01
9.532027244567871094e-01
4.639946222305297852e-01
5.322441458702087402e-02
3.377101123332977295e-01
6.003972887992858887e-02
2.622872591018676758e-03
4.679539501667022705e-01
3.723098337650299072e-01
2.410137355327606201e-01
4.118575155735015869e-01
6.277331709861755371e-02
6.273388862609863281e-05
2.434988617897033691e-01
1.271694004535675049e-01
9.397646784782409668e-02
2.086162567138671875e-07
1.251697540283203125e-06
3.693189024925231934e-01
3.081423640251159668e-01
4.442612528800964355e-01
0.000000000000000000e+00
2.709919810295104980e-01
7.497182488441467285e-02
2.388874292373657227e-01
1.982995271682739258e-01
2.923043966293334961e-01
5.957633256912231445e-03
3.453113734722137451e-01
7.124082446098327637e-01
1.181875169277191162e-01
3.000396490097045898e-02
0.000000000000000000e+00
2.984731793403625488e-01
3.084719479084014893e-01
2.017442286014556885e-01
4.321509599685668945e-02
2.059739232063293457e-01
1.115027070045471191e-02
9.536743164062500000e-07
4.582491517066955566e-01
1.934254169464111328e-02
3.225114047527313232e-01
2.030405104160308838e-01
3.307581841945648193e-01
9.922236204147338867e-03
1.655931472778320312e-01
7.285898923873901367e-02
3.324431180953979492e-01
0.000000000000000000e+00
3.309301733970642090e-01
3.453113734722137451e-01
1.322329044342041016e-02
1.770392358303070068e-01
9.575352072715759277e-02
4.461407661437988281e-04
1.020967960357666016e-03
2.691899538040161133e-01
1.016157865524291992e-02
4.172750413417816162e-01
2.051774859428405762e-01
1.318106949329376221e-01
2.589920759201049805e-01
4.198213815689086914e-01
3.087619841098785400e-01
4.645183682441711426e-02
4.615089297294616699e-01
2.365840673446655273e-01
3.001633286476135254e-02
2.557643055915832520e-01
2.450813353061676025e-01
2.903153896331787109e-01
2.933856844902038574e-02
3.774567544460296631e-01
2.884286344051361084e-01
3.138870000839233398e-01
3.764564394950866699e-01
3.040234446525573730e-01
1.172086596488952637e-02
1.850771307945251465e-01
3.797463178634643555e-01
3.154901564121246338e-01
3.929377198219299316e-01
1.290865242481231689e-01
7.682636380195617676e-02
1.343278288841247559e-01
2.710258960723876953e-01
5.219909548759460449e-01
1.174719631671905518e-01
1.911783218383789062e-02
1.436367332935333252e-01
3.095371127128601074e-01
1.482681334018707275e-01
9.881246089935302734e-02
2.879425883293151855e-02
5.856101512908935547e-01
3.567814826965332031e-03
1.046925783157348633e-03
2.916278243064880371e-01
5.175243616104125977e-01
2.888984680175781250e-01
8.402484655380249023e-02
2.225607633590698242e-02
2.728911340236663818e-01
4.833970963954925537e-01
4.698279500007629395e-02
3.155162930488586426e-01
3.507261276245117188e-01
6.662586331367492676e-02
1.159012317657470703e-04
1.568612456321716309e-01
3.790064454078674316e-01
1.079255342483520508e-02
1.723646521568298340e-01
3.847479820251464844e-05
4.459755718708038330e-01
3.006477952003479004e-01
3.344418704509735107e-01
1.215658485889434814e-01
2.712492942810058594e-01
2.856086790561676025e-01
4.819552600383758545e-01
4.312128424644470215e-01
4.139901697635650635e-01
3.327140212059020996e-01
4.965918958187103271e-01
4.193186759948730469e-05
2.751629650592803955e-01
3.335597515106201172e-01
1.068103909492492676e-01
6.012746691703796387e-02
3.399330377578735352e-01
1.563293933868408203e-01
2.647473216056823730e-01
3.195250034332275391e-02
5.978789925575256348e-02
1.833490133285522461e-01
7.501244544982910156e-05
3.541514873504638672e-01
4.637348651885986328e-01
5.359657406806945801e-01
3.888020217418670654e-01
4.029668569564819336e-01
3.135907649993896484e-01
1.074224710464477539e-03
3.453113734722137451e-01
9.995996952056884766e-04
2.899847328662872314e-01
1.800763607025146484e-01
4.428654909133911133e-03
1.834551692008972168e-01
9.520557522773742676e-02
4.321326613426208496e-01
3.078364133834838867e-01
1.925604045391082764e-01
3.244594931602478027e-01
4.454191923141479492e-01
1.293075382709503174e-01
4.502650201320648193e-01
2.693748772144317627e-01
8.929044008255004883e-02
1.796467900276184082e-01
4.356299936771392822e-01
5.105137825012207031e-05
5.328660011291503906e-01
7.951030135154724121e-02
1.317656040191650391e-02
2.376571297645568848e-02
2.875457406044006348e-01
7.260818481445312500e-01
3.766805529594421387e-01
3.208253979682922363e-01
1.194311380386352539e-01
5.375833511352539062e-01
1.656526625156402588e-01
1.491057276725769043e-01
2.916604280471801758e-03
3.580255508422851562e-01
2.131944596767425537e-01
2.093389630317687988e-01
1.029740869998931885e-01
6.178468465805053711e-02
4.383471608161926270e-01
1.567587256431579590e-02
3.418231010437011719e-01
3.445148468017578125e-05
2.691981792449951172e-01
4.142067730426788330e-01
3.239844441413879395e-01
5.248961448669433594e-01
4.031926393508911133e-03
4.677877426147460938e-01
4.012632369995117188e-02
2.959427237510681152e-01
1.116597652435302734e-01
4.069616496562957764e-01
4.203976392745971680e-01
9.071069955825805664e-02
2.895612716674804688e-01
8.245953917503356934e-02
3.087314367294311523e-01
3.584142029285430908e-01
2.693718671798706055e-02
4.530686140060424805e-02
3.701189160346984863e-02
9.975826740264892578e-01
1.170838475227355957e-01
0.000000000000000000e+00
2.916311025619506836e-01
2.547691464424133301e-01
2.471181750297546387e-02
2.344945073127746582e-02
5.566259622573852539e-01
3.453113734722137451e-01
2.771939933300018311e-01
3.211274147033691406e-01
4.506730139255523682e-01
3.970642387866973877e-01
2.464579343795776367e-01
1.645559966564178467e-01
2.968692183494567871e-01
3.274568319320678711e-01
2.045834064483642578e-02
4.066568315029144287e-01
4.768371582031250000e-07
4.799652099609375000e-02
3.359438776969909668e-01
1.453500688076019287e-01
2.038756310939788818e-01
4.992097616195678711e-01
2.254948019981384277e-01
2.813107371330261230e-01
2.857347428798675537e-01
9.364187717437744141e-04
4.293197393417358398e-01
2.875707745552062988e-01
1.213726699352264404e-01
4.062199592590332031e-01
3.737586736679077148e-01
2.943367958068847656e-01
4.585087001323699951e-01
1.684457063674926758e-03
8.031100034713745117e-02
2.777357101440429688e-01
3.453113734722137451e-01
2.748205661773681641e-01
1.727098524570465088e-01
1.516234576702117920e-01
2.312491536140441895e-01
3.082990944385528564e-01
1.696452200412750244e-01
3.255070447921752930e-01
2.436744570732116699e-01
5.421215295791625977e-02
4.105024933815002441e-01
3.975459933280944824e-01
7.393144965171813965e-01
2.755410671234130859e-01
8.347711563110351562e-01
3.500865697860717773e-01
1.982696950435638428e-01
4.576897919178009033e-01
5.352538824081420898e-01
2.075135707855224609e-04
1.502616703510284424e-01
1.551327705383300781e-01
4.428405761718750000e-01
5.137711763381958008e-02
1.843794882297515869e-01
4.429167509078979492e-02
1.164479255676269531e-01
5.653262138366699219e-03
1.364654302597045898e-02
6.260818243026733398e-02
2.156663835048675537e-01
2.499520182609558105e-01
5.604695677757263184e-01
2.727110981941223145e-01
3.895406126976013184e-01
4.692982137203216553e-01
2.546825408935546875e-01
5.246320366859436035e-02
2.568382024765014648e-01
5.694677829742431641e-01
5.308741331100463867e-02
5.664774775505065918e-02
3.356298804283142090e-02
4.332935512065887451e-01
1.946091651916503906e-05
8.746966719627380371e-02
1.815319061279296875e-03
2.234296500682830811e-01
8.210432529449462891e-02
3.081572055816650391e-01
4.158987104892730713e-01
3.481151461601257324e-01
4.499032795429229736e-01
2.082836627960205078e-02
4.162794351577758789e-02
8.508610725402832031e-01
3.186406493186950684e-01
1.302021443843841553e-01
3.453113734722137451e-01
4.569460153579711914e-01
2.621563971042633057e-01
4.413827359676361084e-01
2.855203151702880859e-01
5.547590255737304688e-01
1.345872879028320312e-01
1.429855823516845703e-03
4.127905666828155518e-01
3.533005714416503906e-02
2.459084987640380859e-02
4.022250175476074219e-01
7.429764270782470703e-01
2.054574787616729736e-01
9.096279740333557129e-02
8.670970797538757324e-02
2.228753864765167236e-01
4.257114529609680176e-01
0.000000000000000000e+00
1.448292732238769531e-01
1.527223587036132812e-01
4.587525725364685059e-01
4.474632740020751953e-01
4.580758213996887207e-01
3.477528095245361328e-01
3.243055939674377441e-01
2.036593556404113770e-01
1.445505023002624512e-02
4.318416714668273926e-01
5.232692360877990723e-01
3.335085511207580566e-02
3.567923605442047119e-01
3.289882540702819824e-01
1.145511865615844727e-02
3.086217045783996582e-01
2.249696254730224609e-01
4.244376420974731445e-01
1.957534849643707275e-01
4.183657765388488770e-01
2.536855041980743408e-01
1.851340532302856445e-01
3.453113734722137451e-01
2.814829349517822266e-04
2.677696943283081055e-01
2.821083664894104004e-01
2.179620265960693359e-01
4.288930594921112061e-01
2.739384174346923828e-01
3.229896724224090576e-01
7.072722911834716797e-02
0.000000000000000000e+00
7.002428770065307617e-01
3.100342154502868652e-01
7.891932725906372070e-01
3.376231789588928223e-01
4.043270945549011230e-01
1.934388279914855957e-02
3.691450953483581543e-01
2.230935096740722656e-01
1.164938807487487793e-01
6.528446078300476074e-02
1.511126756668090820e-03
2.234468460083007812e-01
7.917290925979614258e-02
1.707545518875122070e-01
3.496468067169189453e-03
1.312042474746704102e-01
6.914234161376953125e-02
3.124849796295166016e-01
8.787894248962402344e-02
6.805002689361572266e-03
3.138492107391357422e-01
2.543330192565917969e-04
1.350831985473632812e-02
7.986259460449218750e-02
1.586678922176361084e-01
1.831094920635223389e-01
2.673109769821166992e-01
3.317797780036926270e-01
8.222031593322753906e-02
9.535378217697143555e-01
3.527611494064331055e-03
1.234958469867706299e-01
3.219774365425109863e-01
4.838749766349792480e-02
1.063048839569091797e-02
2.052009105682373047e-03
1.987895071506500244e-01
3.330748081207275391e-01
4.268353581428527832e-01
4.669517278671264648e-03
3.722217679023742676e-01
7.992982864379882812e-05
2.986639142036437988e-01
3.453113734722137451e-01
1.799792051315307617e-02
1.785728633403778076e-01
1.976639032363891602e-02
2.235252261161804199e-01
3.738063871860504150e-01
1.019492745399475098e-02
6.752909421920776367e-01
1.768729090690612793e-02
1.387351453304290771e-01
2.266113162040710449e-01
3.157576322555541992e-01
3.759852945804595947e-01
3.481590151786804199e-01
4.595690369606018066e-01
2.667014002799987793e-01
2.476113140583038330e-01
3.446482419967651367e-01
2.059638500213623047e-04
2.655985057353973389e-01
1.438215374946594238e-02
3.897141516208648682e-01
1.086950004100799561e-01
3.065474629402160645e-01
1.553742289543151855e-01
2.167380750179290771e-01
3.827574253082275391e-01
8.567214012145996094e-03
3.453113734722137451e-01
3.156514167785644531e-01
3.246332406997680664e-01
3.819488286972045898e-01
2.160358130931854248e-01
3.378086090087890625e-01
1.241770684719085693e-01
4.485868811607360840e-01
7.428845763206481934e-02
1.537928283214569092e-01
3.452252447605133057e-01
8.994281291961669922e-02
2.410026192665100098e-01
1.637876033782958984e-03
2.681784033775329590e-01
3.811320364475250244e-01
2.501779198646545410e-01
2.464257180690765381e-01
5.328351259231567383e-02
3.352232575416564941e-01
2.418209314346313477e-01
2.628282010555267334e-01
2.315801084041595459e-01
2.332022488117218018e-01
4.627693891525268555e-01
8.162569999694824219e-02
6.747275590896606445e-03
5.337595939636230469e-05
8.670657873153686523e-03
2.436316311359405518e-01
3.165777921676635742e-01
1.683125793933868408e-01
1.303884983062744141e-01
4.856038987636566162e-01
4.544227123260498047e-01
2.341476678848266602e-01
5.430719256401062012e-02
1.226481497287750244e-01
3.731846809387207031e-04
1.208996772766113281e-02
1.288146078586578369e-01
4.199840128421783447e-01
0.000000000000000000e+00
3.415180444717407227e-01
1.764880120754241943e-01
4.044793844223022461e-01
1.968064010143280029e-01
3.588199615478515625e-05
5.999201536178588867e-01
3.514993786811828613e-01
8.496791124343872070e-01
3.362843394279479980e-01
2.086162567138671875e-07
7.024512290954589844e-01
8.125612139701843262e-02
3.884598314762115479e-01
3.435948491096496582e-02
5.255401730537414551e-01
1.828876137733459473e-02
6.770193576812744141e-01
3.281633555889129639e-01
1.813000738620758057e-01
4.319613277912139893e-01
3.528708219528198242e-01
2.993333935737609863e-01
0.000000000000000000e+00
2.637234330177307129e-02
4.811289906501770020e-02
3.920211493968963623e-01
3.245579004287719727e-01
2.720009088516235352e-01
1.336127519607543945e-03
4.131019115447998047e-03
3.041509687900543213e-01
2.878777384757995605e-01
5.576401948928833008e-03
3.957026898860931396e-01
3.843601942062377930e-01
1.864880323410034180e-01
2.231504023075103760e-01
2.660717368125915527e-01
2.694443166255950928e-01
2.639253735542297363e-01
0.000000000000000000e+00
4.589557647705078125e-06
4.795346558094024658e-01
2.435109913349151611e-01
1.126876473426818848e-01
6.212443113327026367e-03
3.969744741916656494e-01
3.890995383262634277e-01
3.453113734722137451e-01
2.293328046798706055e-01
3.772422671318054199e-01
1.211671233177185059e-01
1.457922756671905518e-01
5.194669365882873535e-01
1.286000013351440430e-02
2.615895867347717285e-01
8.594979047775268555e-01
4.098311960697174072e-01
3.534116744995117188e-01
3.976575136184692383e-01
2.647867798805236816e-02
5.159974098205566406e-04
1.164123415946960449e-02
7.966762781143188477e-02
7.545609474182128906e-01
6.601253151893615723e-02
3.834417164325714111e-01
2.150718867778778076e-01
4.417976737022399902e-01
5.983927845954895020e-02
1.302237510681152344e-01
4.602763354778289795e-01
3.100086450576782227e-01
2.883942723274230957e-01
3.700676560401916504e-02
3.099343180656433105e-02
2.266764640808105469e-04
9.424686431884765625e-04
9.063780307769775391e-04
1.501217186450958252e-01
1.057640910148620605e-01
4.756963253021240234e-02
8.176267147064208984e-04
4.637158215045928955e-01
3.812780976295471191e-01
3.324597477912902832e-01
1.625210046768188477e-03
4.643465876579284668e-01
4.335703551769256592e-01
3.667232394218444824e-01
5.976153016090393066e-01
1.713973283767700195e-02
9.957012534141540527e-02
7.182359695434570312e-06
8.309239149093627930e-02
5.869030952453613281e-03
1.685878336429595947e-01
4.858883023262023926e-01
0.000000000000000000e+00
3.716620206832885742e-01
2.622520029544830322e-01
3.449910879135131836e-02
2.223077416419982910e-02
2.228795588016510010e-01
5.700439214706420898e-01
7.419753074645996094e-01
2.636159062385559082e-01
7.554730772972106934e-02
1.914825141429901123e-01
2.921477854251861572e-01
3.009487390518188477e-01
3.851015567779541016e-01
4.532176554203033447e-01
3.726965188980102539e-01
8.002984523773193359e-02
2.873878479003906250e-01
3.968946933746337891e-01
3.249767422676086426e-02
7.534027099609375000e-04
2.492666244506835938e-04
2.674806118011474609e-02
3.680703341960906982e-01
5.662441253662109375e-07
0.000000000000000000e+00
2.071949243545532227e-01
2.955934405326843262e-02
2.522515654563903809e-01
4.254877567291259766e-03
1.110678911209106445e-02
3.678045868873596191e-01
3.551779389381408691e-01
2.980799078941345215e-01
3.157145977020263672e-01
1.789783835411071777e-01
4.215655922889709473e-01
3.278255462646484375e-06
2.411497831344604492e-01
2.357065677642822266e-04
4.470348358154296875e-07
7.568875551223754883e-01
1.266911327838897705e-01
5.643415451049804688e-01
2.594676017761230469e-01
1.968694031238555908e-01
2.408742904663085938e-02
3.316331803798675537e-01
2.779124379158020020e-01
4.756127595901489258e-01
4.034191370010375977e-02
4.176871180534362793e-01
1.239775121212005615e-01
3.956703245639801025e-01
2.965207397937774658e-01
4.806676506996154785e-02
3.453113734722137451e-01
1.137499213218688965e-01
2.644034624099731445e-01
4.321336746215820312e-06
5.865225195884704590e-02
3.391161859035491943e-01
2.816118896007537842e-01
3.123134374618530273e-03
1.266777515411376953e-03
4.619945585727691650e-01
3.453113734722137451e-01
0.000000000000000000e+00
2.433096468448638916e-01
0.000000000000000000e+00
8.327330350875854492e-01
2.498072385787963867e-02
4.138835072517395020e-01
5.918290615081787109e-01
8.303248882293701172e-02
0.000000000000000000e+00
3.001889586448669434e-01
2.015465199947357178e-01
4.068868160247802734e-01
1.073597371578216553e-01
4.374387860298156738e-01
9.528238177299499512e-01
1.513779163360595703e-03
3.453113734722137451e-01
1.100604534149169922e-01
3.476202487945556641e-03
1.109796762466430664e-02
4.211879372596740723e-01
1.460313796997070312e-05
2.440819144248962402e-02
1.686650514602661133e-02
2.637191414833068848e-01
7.436501979827880859e-02
4.168977737426757812e-01
2.690185308456420898e-01
4.617655575275421143e-01
1.558511257171630859e-01
4.456041157245635986e-01
3.453113734722137451e-01
1.761876642704010010e-01
4.062314331531524658e-01
3.531321883201599121e-02
2.251192927360534668e-02
3.859757781028747559e-01
1.983585357666015625e-01
2.083515226840972900e-01
3.453113734722137451e-01
3.453113734722137451e-01
3.655092120170593262e-01
1.557177603244781494e-01
4.809987545013427734e-01
2.349241673946380615e-01
3.092899918556213379e-01
2.581429183483123779e-01
6.669038534164428711e-02
1.422301828861236572e-01
3.530764579772949219e-01
1.278936862945556641e-03
4.657751321792602539e-01
3.422009944915771484e-01
2.438066303730010986e-01
4.254761338233947754e-01
4.123091101646423340e-01
3.281182050704956055e-01
1.262381076812744141e-01
3.303879499435424805e-02
1.219700574874877930e-01
2.159297466278076172e-03
3.617646694183349609e-01
2.624505758285522461e-02
1.254607737064361572e-01
4.180472195148468018e-01
5.022001862525939941e-01
1.209020614624023438e-02
4.386521577835083008e-01
3.531287908554077148e-01
1.302604973316192627e-01
3.393121659755706787e-01
2.620417475700378418e-01
3.190767765045166016e-01
1.271426677703857422e-03
2.900293469429016113e-02
3.352507352828979492e-01
4.122554361820220947e-01
1.728534698486328125e-05
2.581371068954467773e-01
2.905328571796417236e-01
4.619334340095520020e-01
1.920565366744995117e-01
2.313356995582580566e-01
5.153881907463073730e-01
1.496158838272094727e-01
5.344501137733459473e-02
2.666953504085540771e-01
2.305805683135986328e-04
2.056322693824768066e-01
1.253664493560791016e-03
2.200603485107421875e-03
9.525455236434936523e-01
2.514729499816894531e-01
3.197439312934875488e-01
3.231465816497802734e-04
2.364715933799743652e-01
3.453113734722137451e-01
2.593822479248046875e-01
3.290634751319885254e-01
2.139962017536163330e-01
2.804087400436401367e-01
1.710857152938842773e-01
1.574001908302307129e-01
2.943634390830993652e-01
5.089223384857177734e-03
0.000000000000000000e+00
3.847783803939819336e-01
1.926577985286712646e-01
5.066496729850769043e-01
5.406633615493774414e-01
2.931449711322784424e-01
3.690034747123718262e-01
2.493122816085815430e-01
1.087784767150878906e-05
8.545199036598205566e-02
5.057457089424133301e-01
7.876045703887939453e-01
2.781328558921813965e-01
3.453113734722137451e-01
1.295050680637359619e-01
1.763185858726501465e-01
2.341053187847137451e-01
1.327219307422637939e-01
3.453113734722137451e-01
1.897472739219665527e-01
8.970499038696289062e-05
2.540746927261352539e-01
1.237490177154541016e-01
9.217193722724914551e-02
1.762509346008300781e-03
2.676651179790496826e-01
7.321901917457580566e-01
2.221924364566802979e-01
3.911117911338806152e-01
5.579122900962829590e-02
8.645063638687133789e-02
3.353656530380249023e-01
3.371093869209289551e-01
0.000000000000000000e+00
1.119237840175628662e-01
3.235389590263366699e-01
7.858633995056152344e-03
2.720952033996582031e-05
3.410095572471618652e-01
1.666340529918670654e-01
2.863347530364990234e-03
4.862832129001617432e-01
4.121945798397064209e-01
5.143653750419616699e-01
5.621212720870971680e-02
2.672303020954132080e-01
3.453113734722137451e-01
1.300483047962188721e-01
2.016506791114807129e-01
1.947533488273620605e-01
3.353295624256134033e-01
3.453113734722137451e-01
1.891925036907196045e-01
6.973591446876525879e-02
3.174841403961181641e-04
3.453113734722137451e-01
3.453113734722137451e-01
2.924348711967468262e-01
3.506635129451751709e-01
4.139853417873382568e-01
8.945292234420776367e-02
5.672818422317504883e-02
2.585920095443725586e-01
4.489730894565582275e-01
3.848105669021606445e-03
5.574828386306762695e-02
4.530074000358581543e-01
3.317506909370422363e-01
3.071547746658325195e-01
4.534173011779785156e-01
4.702624678611755371e-02
3.472990989685058594e-01
7.840642333030700684e-02
3.453113734722137451e-01
2.099433541297912598e-02
4.345867931842803955e-01
8.753895759582519531e-03
4.004443883895874023e-01
5.030457377433776855e-01
2.429935336112976074e-02
3.725861310958862305e-01
3.132871985435485840e-01
4.152023196220397949e-01
7.232264280319213867e-01
2.390586733818054199e-01
3.453113734722137451e-01
4.885491728782653809e-01
4.428064227104187012e-01
1.657352149486541748e-01
8.164873719215393066e-02
3.750915825366973877e-01
3.482082188129425049e-01
1.853000521659851074e-01
2.421073019504547119e-01
2.668798565864562988e-01
1.413876116275787354e-01
3.931050300598144531e-01
1.158934831619262695e-02
3.473553359508514404e-01
3.957498669624328613e-01
1.609995961189270020e-02
8.768108487129211426e-02
8.782893419265747070e-03
3.381897807121276855e-01
2.854443192481994629e-01
2.917520105838775635e-01
9.098991751670837402e-02
3.453113734722137451e-01
1.446298658847808838e-01
4.891235530376434326e-01
2.154942452907562256e-01
3.750786185264587402e-01
4.315311908721923828e-01
2.321178615093231201e-01
1.961159110069274902e-01
4.076701998710632324e-01
0.000000000000000000e+00
2.392174601554870605e-01
3.389381468296051025e-01
3.350645005702972412e-01
1.046735644340515137e-01
1.780179142951965332e-02
3.761337995529174805e-01
4.492032229900360107e-01
1.678619384765625000e-01
2.584835290908813477e-01
4.790592193603515625e-02
2.903667390346527100e-01
2.546288371086120605e-01
7.553402185440063477e-01
4.533068239688873291e-01
2.372559905052185059e-02
1.411573290824890137e-01
1.576674580574035645e-01
7.710971236228942871e-01
3.641608953475952148e-01
4.684939980506896973e-01
4.870457351207733154e-01
5.998729467391967773e-01
1.052362918853759766e-01
4.819901585578918457e-01
5.559900403022766113e-01
3.453113734722137451e-01
1.152090728282928467e-01
1.510802507400512695e-01
4.242292642593383789e-01
3.453113734722137451e-01
4.179262816905975342e-01
4.207730293273925781e-01
7.276576757431030273e-02
2.513941526412963867e-01
2.623400390148162842e-01
1.710878610610961914e-01
3.639525175094604492e-02
1.117885112762451172e-04
3.020582795143127441e-01
3.017722368240356445e-01
1.945896446704864502e-01
2.809756994247436523e-01
4.126645922660827637e-01
3.289791941642761230e-02
1.855086982250213623e-01
4.441102445125579834e-01
1.304376125335693359e-02
1.268031895160675049e-01
1.420052051544189453e-01
1.603106856346130371e-01
1.064285337924957275e-01
2.049040794372558594e-01
4.528532028198242188e-01
3.292814791202545166e-01
7.500937581062316895e-02
2.922156751155853271e-01
2.697334885597229004e-01
4.015869200229644775e-01
8.041968941688537598e-02
3.798556029796600342e-01
4.085755348205566406e-02
2.936311662197113037e-01
1.216790080070495605e-01
4.492067694664001465e-01
1.666046977043151855e-01
5.476245284080505371e-02
4.495236873626708984e-01
3.368591666221618652e-01
2.900357246398925781e-01
4.239121079444885254e-02
3.610844612121582031e-01
2.062741219997406006e-01
1.986163854598999023e-01
3.644471168518066406e-01
3.852053284645080566e-01
3.168751001358032227e-01
3.047943711280822754e-01
4.758208990097045898e-03
2.741934359073638916e-01
1.833246946334838867e-01
3.718149065971374512e-01
2.453221082687377930e-01
1.093808114528656006e-01
4.638041555881500244e-01
7.456511259078979492e-03
7.668384909629821777e-02
8.663800358772277832e-02
3.649626076221466064e-01
3.899882733821868896e-01
2.664783596992492676e-02
2.138112783432006836e-01
8.731782436370849609e-02
3.038606941699981689e-01
1.789027452468872070e-02
2.879693508148193359e-01
4.724140763282775879e-01
5.411276221275329590e-02
1.483880579471588135e-01
2.618497908115386963e-01
1.466444730758666992e-01
3.521462082862854004e-01
1.416623592376708984e-03
0.000000000000000000e+00
3.164437413215637207e-02
3.500571846961975098e-01
2.132144868373870850e-01
1.604503691196441650e-01
3.413767814636230469e-01
6.144553422927856445e-01
3.282248377799987793e-01
2.322160005569458008e-01
4.303093552589416504e-01
8.285045623779296875e-06
2.364617586135864258e-01
2.782335877418518066e-01
2.584138512611389160e-02
3.008679747581481934e-01
1.787262558937072754e-01
3.557505905628204346e-01
2.407911121845245361e-01
3.297914862632751465e-01
1.685023903846740723e-01
2.559933364391326904e-01
2.491350769996643066e-01
3.323850035667419434e-01
1.581024825572967529e-01
4.082740247249603271e-01
4.554482698440551758e-01
2.602329552173614502e-01
2.674264311790466309e-01
2.980864346027374268e-01
4.157599806785583496e-02
3.758730590343475342e-01
3.279440402984619141e-01
2.667551636695861816e-01
3.390897214412689209e-01
3.453113734722137451e-01
3.140114545822143555e-01
2.260416746139526367e-03
3.453113734722137451e-01
3.047863841056823730e-01
2.499920129776000977e-02
7.066352963447570801e-01
9.980493783950805664e-02
2.324363589286804199e-01
1.769539713859558105e-01
8.859907388687133789e-01
2.577660679817199707e-01
3.806915879249572754e-02
2.171497344970703125e-01
3.181725740432739258e-02
1.816737055778503418e-01
3.579089045524597168e-01
2.673621475696563721e-01
6.214293837547302246e-02
1.282548308372497559e-01
2.243899106979370117e-01
2.040989696979522705e-01
9.499557018280029297e-01
1.600261330604553223e-01
2.255184352397918701e-01
1.386529207229614258e-01
1.056618392467498779e-01
4.848602116107940674e-01
6.456324458122253418e-02
2.986062765121459961e-01
5.473643541336059570e-01
2.265829145908355713e-01
2.713685631752014160e-01
4.554092884063720703e-04
1.340143382549285889e-01
4.209825694561004639e-01
2.943039834499359131e-01
2.170892059803009033e-01
9.835506677627563477e-01
6.060311198234558105e-02
3.514179289340972900e-01
3.781597912311553955e-01
4.606460034847259521e-01
2.358904182910919189e-01
3.453113734722137451e-01
2.017862796783447266e-01
2.029435932636260986e-01
3.472697734832763672e-02
2.862739264965057373e-01
9.661877155303955078e-02
5.996754765510559082e-02
3.144993484020233154e-01
2.377923429012298584e-01
1.484334468841552734e-02
3.318072557449340820e-01
3.165709078311920166e-01
2.472122013568878174e-01
2.750753760337829590e-01
2.987325191497802734e-02
3.009274005889892578e-01
2.515990138053894043e-01
3.453113734722137451e-01
3.453113734722137451e-01
6.795325875282287598e-02
1.618653535842895508e-02
1.801239252090454102e-01
7.033002972602844238e-01
2.934035956859588623e-01
2.045696377754211426e-01
3.978985548019409180e-01
3.549221456050872803e-01
1.893469393253326416e-01
2.424496412277221680e-01
2.834865748882293701e-01
2.201682329177856445e-01
2.886539995670318604e-01
4.778730869293212891e-02
4.830564260482788086e-01
2.194809913635253906e-01
6.255686283111572266e-02
1.028006076812744141e-01
3.608696460723876953e-01
4.857718944549560547e-03
3.592072129249572754e-01
4.565827548503875732e-01
1.542231738567352295e-01
2.434891760349273682e-01
3.145656883716583252e-01
3.453113734722137451e-01
4.219087362289428711e-01
2.943760752677917480e-01
8.030563592910766602e-02
6.581220626831054688e-01
7.789146900177001953e-02
2.102116346359252930e-01
2.257224917411804199e-02
2.700878083705902100e-01
3.808507323265075684e-02
3.798309564590454102e-01
3.815231621265411377e-01
2.982684969902038574e-01
2.523790597915649414e-01
4.373747110366821289e-01
2.984259724617004395e-01
9.949156641960144043e-02
3.635666966438293457e-01
6.224349141120910645e-02
2.558925449848175049e-01
3.592249155044555664e-01
5.084439516067504883e-01
1.364469528198242188e-03
1.224529743194580078e-02
4.117028713226318359e-01
7.882612943649291992e-02
0.000000000000000000e+00
3.014874458312988281e-02
2.276706695556640625e-02
5.970007181167602539e-02
2.354013919830322266e-02
2.924701869487762451e-01
1.180175244808197021e-01
1.861570179462432861e-01
0.000000000000000000e+00
4.262771904468536377e-01
2.774832248687744141e-01
4.616166949272155762e-01
0.000000000000000000e+00
3.140872120857238770e-01
7.355822324752807617e-01
6.308479309082031250e-01
1.035989522933959961e-01
4.934600889682769775e-01
2.235288321971893311e-01
2.247388660907745361e-01
3.541890978813171387e-01
3.154277801513671875e-02
2.166595757007598877e-01
3.667333722114562988e-02
1.131441593170166016e-01
3.272865712642669678e-01
2.366834878921508789e-02
3.654567301273345947e-01
1.571094989776611328e-02
9.970491528511047363e-01
4.252154827117919922e-01
1.605491042137145996e-01
9.103277325630187988e-02
3.048880696296691895e-01
1.474350690841674805e-02
1.319408416748046875e-03
1.607921719551086426e-02
3.367183208465576172e-01
2.576306462287902832e-01
2.319533228874206543e-01
2.260794937610626221e-01
9.827082157135009766e-01
3.659412860870361328e-01
2.936465740203857422e-01
1.439362764358520508e-03
1.870020031929016113e-01
3.115376830101013184e-02
2.205842733383178711e-02
1.081562936305999756e-01
2.941787242889404297e-04
3.453113734722137451e-01
2.248933911323547363e-02
5.335190892219543457e-02
5.734151601791381836e-02
3.901072442531585693e-01
1.680588722229003906e-02
2.282418608665466309e-01
3.453113734722137451e-01
4.549224674701690674e-01
1.917883157730102539e-01
4.225142002105712891e-01
4.026359915733337402e-01
4.327587783336639404e-01
3.947201967239379883e-01
1.287806332111358643e-01
4.838508367538452148e-02
1.282761096954345703e-01
8.733868598937988281e-02
0.000000000000000000e+00
4.512358009815216064e-01
2.387695014476776123e-01
1.303917169570922852e-02
2.492527663707733154e-01
3.877512216567993164e-01
3.334084749221801758e-01
1.425863504409790039e-01
3.054349422454833984e-01
1.947730779647827148e-03
0.000000000000000000e+00
2.980232238769531250e-08
2.610565423965454102e-01
9.600484371185302734e-02
2.128279805183410645e-01
