2.371814897744636309e-03
3.297764030053413481e-02
2.226202169473859033e-03
7.952713824709634928e-04
3.297764030053413481e-02
1.248274177270055664e-02
1.386589539456008734e-02
2.170193744201949146e-02
1.389254945890112079e-02
3.297764030053413481e-02
4.654049664898980004e-03
1.374176518594928459e-03
1.077754733893869846e-02
1.459139205628293611e-03
3.955685695003683527e-03
4.219454849050440284e-04
3.297764030053413481e-02
1.409404183263544309e-02
1.237104408078436432e-03
6.035966817071853133e-03
2.116598357215212015e-02
1.098186980738497919e-03
3.572542822833395942e-02
2.238961454962674208e-02
2.171579664950050170e-01
2.138305061419000595e-03
3.356664898327214571e-04
8.976387422082109449e-03
1.130400882872771157e-01
8.013473874188197649e-03
7.785829808683956141e-04
2.482765388330434447e-02
2.196779016838442886e-02
4.068564252181766649e-02
1.611493360754653881e-03
1.716810436238665541e-02
9.272289612518276949e-03
1.157037974822867693e-03
2.088765102798143675e-02
2.933280273902462779e-02
2.309773776991261643e-02
2.941499307461743415e-02
2.607299167131546438e-03
3.297764030053413481e-02
6.505372805375720692e-03
1.038283047717394048e-01
3.811593281211463676e-03
6.137943247034568887e-03
1.296637732792985586e-03
2.105719080229822779e-02
1.654688707604638070e-02
5.164402224362670164e-03
1.574362510742349612e-03
5.368728521163337181e-02
3.985451061563820112e-04
1.485067210480095837e-02
3.375879180504702363e-03
2.358461729215868136e-02
7.438445423280527075e-03
1.349614314301729630e-02
5.281303508322452919e-03
3.050834442318544476e-02
1.436577663223420794e-02
2.506527810259889279e-03
2.616302573877940757e-04
2.716820590750529049e-02
1.109555938887957574e-02
2.760697462069472766e-02
8.877072813866192236e-02
9.099999162800381574e-04
1.150408665627497030e-02
1.888106383098536040e-02
9.049160774972789603e-03
2.569122716067027360e-03
2.967411656621753158e-03
1.941056963322269641e-03
4.766723713948799006e-03
3.202756977773685287e-02
2.045133739892772765e-02
4.843283979998316315e-03
1.192090496483950469e-02
1.890960132852523984e-02
2.532014328147267485e-02
2.115279652911742497e-02
8.298575834651723696e-04
2.126113510448752325e-02
6.575911756572655475e-03
7.495273044095912248e-04
1.282388839413492639e-02
6.903523903007983877e-04
1.725607716911002273e-02
4.007423597903507495e-02
1.149508125181096865e-03
3.297764030053413481e-02
4.164213322339208653e-04
7.504489034802662439e-02
1.627757556066459707e-02
1.838086875036260559e-01
3.236548989448188429e-03
3.520300174602632344e-03
2.693839625632197480e-03
3.507869476336297927e-03
1.682598514418237601e-01
3.203698143805534804e-02
2.176984541411013108e-02
1.727862088603980897e-02
1.308371207214256184e-02
3.633970222997572053e-02
7.380126427677911188e-03
3.507355189329064427e-02
3.297764030053413481e-02
2.575011244372322691e-02
2.862468142740290725e-02
6.233373692766656926e-02
9.364873559432138755e-03
1.417266162737504213e-02
5.045989390177622880e-02
1.938991215062225992e-02
1.161507499029588693e-03
2.490786359540970388e-03
1.460304267740454229e-02
2.866262309264351171e-03
3.297764030053413481e-02
1.534035261100550641e-02
7.832814534443814300e-03
8.689057555618391604e-03
1.091570863992796445e-02
9.745794278695204538e-01
2.513467371523753300e-03
2.836486638533793070e-02
2.956720358143159148e-03
8.394014792267963029e-03
2.137553399625119130e-02
3.008627249877979595e-02
9.113981483347747409e-03
7.804371289032432588e-03
2.203456652423102513e-02
1.248525324310787755e-02
1.209676648652553786e-03
4.199768829053306465e-03
4.628032758173354633e-03
7.864389039538221063e-03
3.905967130443203927e-02
1.879375131494728790e-02
1.014047543190587861e-02
5.750334440390031257e-04
1.174529491138402194e-02
1.375279262480690046e-02
1.184246793915504428e-03
9.198483379349308179e-04
5.644890844470907415e-02
7.074258764974918068e-02
2.112943688067973631e-03
3.226160079330656679e-03
2.065682838974567878e-03
1.076797188361752755e-02
1.745045320381444914e-02
1.088140106406011373e-02
4.824063264585179249e-03
1.507101948404401467e-02
1.755331640016113970e-02
1.613038672484750843e-02
2.179257025897414837e-02
2.275728820858406026e-02
1.254534291901920548e-02
4.955763129141176060e-02
2.221746131445371045e-02
1.531275604828780936e-03
6.656098778065762910e-04
1.003392435513218994e-01
3.634713787667476215e-02
2.281615199914054093e-02
2.099068325473284983e-03
8.115328027932047078e-03
1.185459822684726758e-02
4.714714377112044774e-03
6.032796628474865891e-03
1.463231318809614292e-03
8.415363810152506202e-03
2.880891571313525250e-04
3.297764030053413481e-02
5.960280343281133646e-03
4.896720453325287270e-03
9.991778939544129767e-03
7.954106462133224116e-04
2.641883901315412314e-02
4.484747729492566913e-03
2.579902018363919650e-02
5.833736373500850864e-02
6.814991311163667159e-03
2.744389470767460461e-03
6.829978971247448356e-03
5.281601714635994482e-02
3.197532684335505082e-02
1.274116870109035134e-02
1.674914802008154249e-02
2.287881185832964270e-04
2.516293145271557008e-01
3.982982896922486298e-03
1.566215889683031937e-01
1.532964852240441354e-03
2.866477084380286266e-04
7.600494412032753576e-03
1.359765057664562293e-02
4.473424708763980295e-02
7.407257309642230059e-01
1.858789951793175972e-03
2.176938412407261776e-03
7.700083843110695769e-02
2.161984902420585955e-02
6.229173675850081804e-03
2.136695491747046382e-03
8.188708295342111282e-03
2.737531247034795390e-02
1.461687454283779226e-02
8.971234307101347630e-03
3.622528638239260780e-03
2.990724615943467571e-02
1.544567983237967118e-03
2.122176336852846582e-02
3.268182382777389439e-04
1.713859950306815400e-02
3.048405251422148243e-02
1.262008245571165019e-02
3.498360859648896870e-02
5.409493783620211715e-03
3.166781906764394063e-03
4.079461613255539604e-03
3.575691734144422103e-03
5.725367146825585847e-03
1.933794210537178584e-03
8.640809562859042003e-02
3.261601916376092453e-02
1.044369749210237452e-02
2.179284110178603823e-02
1.702537362392758441e-03
9.996849725119361096e-02
4.064655475566881365e-03
1.597225114769579013e-01
1.737663168721854381e-03
1.722551656738668252e-02
2.985934047600711985e-03
8.655639208648005034e-04
1.078997738409043705e-03
2.729070220329635199e-02
1.180599425551643808e-02
7.694819514963711915e-02
1.208999145764383734e-02
1.961642510158482372e-02
2.013161424845508890e-02
4.604278598854076414e-03
6.983043420648568471e-03
3.930067710834224404e-02
2.625415793828984618e-03
5.760612048370372835e-03
4.338501797197075530e-03
7.631513064539265784e-03
6.820920997256484271e-03
4.337409912583147648e-02
1.643914447739199675e-02
1.601216755201756090e-02
6.712333720788140126e-03
1.036943830657807318e-03
4.129450038660991695e-01
6.583439373267362116e-02
6.153415192189276399e-03
2.739176627382251816e-02
1.110900008052485323e-02
5.300673451843110340e-03
2.943602295052747536e-02
4.604253868145856410e-02
5.839743375368838980e-03
2.140954415274003500e-02
4.901120456561320893e-01
9.123762737493554265e-02
3.001547213315450182e-03
1.790350263560568783e-02
2.869050701533920958e-02
2.473264767477278102e-03
1.746107301067231082e-02
7.542635543398165665e-02
4.327912109521575568e-03
4.459622264125888587e-03
1.968943349832595890e-01
3.297764030053413481e-02
3.854053377074274922e-02
3.512324929067084378e-02
7.248357791552621603e-03
3.508000812326329300e-03
8.523660462461252196e-03
1.374934657159062115e-02
6.029770567695770002e-03
2.218168174573236905e-03
8.941932307651342393e-01
5.908337053860878915e-03
9.661280465394245232e-02
3.221571972996916658e-04
9.377095157345286328e-03
2.304654558272447099e-02
2.848839246031299971e-04
8.298989609039722840e-03
4.639033520948620398e-02
4.311399111794170756e-03
5.061203421995955770e-03
5.006296299539280126e-01
2.259881753379629557e-02
1.159937668076366137e-03
2.381589843181596694e-02
6.458462567546271148e-03
2.542467274072668718e-02
1.662927396663595875e-03
1.415695442826760131e-02
1.144635369226831368e-03
1.283188316362842141e-01
3.416352476143163369e-02
6.231860031882975604e-02
4.053856585557200597e-03
2.721748079388593838e-02
1.514534678265139038e-02
5.410707723809075886e-02
4.901235373306127643e-03
1.344094861066385815e-01
9.674395635160435228e-03
1.256912983111218738e-03
6.636563246013648526e-03
4.805210034623881750e-04
6.538774822817671438e-03
1.186030246743294617e-02
5.585506928263574145e-02
9.105670624481176575e-03
6.794939008480660458e-03
4.780687089376637645e-03
2.924803159978108663e-02
2.349331037995739876e-02
9.631197096918333797e-03
2.392431621239055062e-02
7.232896008651929810e-03
1.223129622583540993e-01
6.108514119571756794e-03
2.188669182998130916e-02
1.658151609820888300e-03
1.619005255521763220e-02
9.769677364853691579e-03
1.029171493854993263e-02
3.297764030053413481e-02
1.048340074190693728e-02
5.106265763713732468e-03
5.656249658416188236e-03
1.040030804764480003e-02
7.713568911627145530e-01
3.909013701725017748e-03
7.980739949750990242e-03
3.379725715542777897e-02
3.501794510674134837e-03
4.237843389215371556e-03
2.371017011428461913e-03
6.904121370824806668e-03
6.699094188058218879e-02
1.854498861755384496e-03
1.237041684599479024e-02
1.985450870914264032e-02
2.095320025763674349e-02
4.687085341381798387e-03
9.615513243955303713e-02
8.309037727109147000e-04
7.503404374504510713e-03
2.149860271805587378e-02
2.048794547290104517e-02
5.669025310229289585e-03
1.224596486041217569e-01
6.892337400566152412e-03
7.168950848020290596e-04
1.347170655652592079e-02
8.248498906587515070e-03
2.079447954725930151e-02
4.443227420004331601e-02
9.590042673031500334e-03
1.790756407790375718e-02
4.998944597694541248e-01
1.416570362847734132e-02
2.854702155177818793e-02
1.959696057856669463e-02
2.378046100467341717e-02
4.783612301477436213e-01
1.078446316825132367e-02
1.386720616245498347e-03
5.742937732661668182e-02
1.963564388827027107e-03
2.410719878334695657e-02
4.075668964974143299e-04
2.182926155738723617e-02
6.508998925763557174e-03
7.855611958815326154e-04
1.767240903297445090e-03
1.116259822064902133e-03
1.467168330131162282e-02
2.722118473415966952e-03
1.843784257746773582e-03
7.846054667667804600e-03
7.746261191164197915e-04
1.002208092897721205e-02
2.213924956163529356e-02
6.733664465015412777e-03
6.128340396208936669e-01
3.282101749992293038e-02
3.297764030053413481e-02
1.264570671154949949e-02
2.750783047706630013e-03
4.935563423356410274e-03
8.269769710112574376e-03
1.085760037060257144e-02
3.248714484072996733e-02
3.568866059323676926e-02
2.164237655341324368e-02
5.116866007614463176e-03
7.464368358362283296e-02
2.897137984516509612e-02
2.650966718330603419e-02
1.107711137250849860e-02
8.740830645978116265e-03
1.069243345076782703e-02
2.838194125598506902e-03
3.569123406593080819e-03
3.509631572140028966e-02
3.545142607193003600e-03
2.431042943111061741e-02
8.523385785831296690e-01
7.933346993686302487e-03
4.370086486616929500e-02
6.822910759518766195e-03
9.152194101157366118e-03
1.733868222945366411e-01
2.194957794015913941e-02
1.230864848289526560e-02
7.373518659907914684e-03
6.605064932913389669e-03
7.756370357672970513e-03
6.333522306258250814e-03
9.401858845709590816e-04
9.961643182209880924e-04
2.863933287471954331e-02
2.272372774759041231e-02
2.498246363323911837e-04
1.075474889363392875e-02
2.279937548563758937e-02
1.506771796840492283e-01
9.769920137155634066e-02
7.091123122925340437e-03
1.235080037543995375e-02
3.297764030053413481e-02
3.158975091880996799e-03
1.128204429580548923e-03
7.106159952459230322e-03
3.064062321646927184e-02
2.530098832125747196e-02
1.400852968957473979e-02
1.909938775069481166e-03
5.131779363839196993e-03
3.396070679136140285e-03
2.369140924507901706e-03
3.175101694448926801e-03
1.429644956926908253e-02
1.422668674745807861e-02
2.398395466634261827e-02
2.117363087186397135e-03
3.153695426708633467e-03
2.175562657555612199e-03
3.328040734742161028e-02
4.018275685215241290e-03
2.754829812829808280e-02
3.297764030053413481e-02
1.537914357549595001e-03
8.045351095691311710e-03
1.421848732339328972e-02
4.166757857749164330e-03
4.751315867986251329e-03
1.264242975012291534e-02
1.868984070706730151e-03
1.044882528251525264e-02
8.725319799060481454e-03
1.476143228470495894e-02
4.458354361648874525e-02
3.137100078944274339e-02
8.695688056120476350e-03
1.840422221690890814e-01
7.885458365664088989e-03
1.194641245777503490e-02
1.758935356554888058e-02
3.801519175275462278e-03
5.618980057227656449e-02
2.059320843350728389e-02
2.790557263788100151e-02
3.634593418158251626e-02
1.327625812599820231e-02
7.143834176730180785e-03
5.187056015659201325e-02
1.055633119496540533e-02
7.870370790212611939e-04
6.697875072253623059e-03
1.974078571490339370e-02
7.533930439963361196e-03
1.198443152067428866e-02
2.197150995401773738e-03
2.955817162799784237e-02
1.353030011438108825e-02
9.968911241635433455e-04
2.787232275037483404e-03
5.121142338155783291e-03
7.743732571894519287e-03
1.764008594088841905e-02
1.833983121978658565e-02
3.491689885838532379e-03
8.169738015202087159e-03
2.439137695026269079e-02
1.101907487076774460e-02
2.367058008960953169e-02
3.691653067180412223e-02
3.845060107599794497e-03
2.630226184034250778e-03
5.647561344169068839e-03
4.046999826749308679e-03
1.214174617000150953e-02
1.052900910468814333e-03
1.800646818833567808e-01
2.201734088371705422e-02
2.660521672906484072e-02
2.055651295990752053e-02
3.193177154088787384e-02
3.588684954636586211e-01
7.413002644484983916e-02
6.304381531421631921e-03
3.109976385198849266e-02
8.040088902336485835e-03
3.938877547343060982e-03
4.410695085374420621e-02
1.147324178382951552e-02
4.633306850541180771e-02
1.137364279245305088e-02
4.552785167293751933e-03
3.584769205866234626e-02
7.590829943572850388e-03
6.245616239650977897e-02
1.422184961086654827e-02
2.552566498990965077e-02
4.748811777996026461e-04
3.297764030053413481e-02
2.293181321191748150e-04
3.615805132408746181e-02
6.249035312623638788e-03
1.979156723339971832e-03
1.221213753537210567e-01
8.486647672409728532e-03
1.991876370789669518e-02
6.869917927848515071e-02
1.055804903609402906e-01
6.163034711166579145e-03
8.662702848158780611e-03
5.129445677272053382e-03
3.864571090246151502e-03
2.553334314020108513e-03
7.461677934622642627e-04
4.859300404855224423e-03
1.161363047402358406e-02
2.807513887818083309e-02
1.298020710850199613e-02
2.553414083992826267e-02
1.968804846252450794e-02
1.597473300406827487e-02
7.806879739992234231e-03
4.864362547148919492e-04
1.842420640282763644e-01
2.475872708637254574e-02
1.675073628247087179e-02
1.385744325237289049e-02
3.754799616730618902e-03
6.745157994843227652e-03
9.194888246826392331e-02
1.782338866984110653e-03
8.608798927619154551e-02
5.865136592766845985e-03
5.333215498479501257e-03
1.399847459771397760e-02
2.751691188290996196e-02
1.117889294991370255e-02
9.909318839111856680e-03
2.100240948067335321e-03
3.098629289825987829e-02
2.595703337122942178e-04
2.115241704516001003e-03
3.280653429383755242e-03
1.860181909453063453e-03
1.477157464887586969e-03
1.893959657855634124e-02
8.151029851322506153e-03
3.789395377791004733e-03
3.297764030053413481e-02
1.394997120795171859e-02
2.684529116814154612e-02
7.169927527009987978e-02
2.190382914471063897e-02
1.320280258337090673e-02
1.615162836457867054e-02
3.961662489276514265e-02
2.862135877582161828e-02
1.290353002784853671e-03
7.368978663235585536e-02
2.822695385310430329e-03
2.596699964164213802e-03
7.710912513700871052e-02
5.482146372964975985e-03
1.282413475549636951e-02
2.222807092772115592e-02
3.593327773398383856e-02
2.960563733654327304e-02
9.677603874723552171e-03
4.884624971555966144e-02
3.213643277826853939e-02
8.688307051441024331e-03
2.217043700041810006e-01
1.230701278465222703e-01
1.691225080099508990e-02
3.464381371804787363e-03
1.519156352837536771e-02
1.101415315340711736e-02
3.297764030053413481e-02
8.377667544540782357e-03
9.974923788603236655e-03
6.126671698205146677e-03
1.993098758593328176e-02
3.221569928675652866e-02
1.841896670995290738e-02
9.614523243714683670e-03
3.686124225845999712e-03
1.988129056187209684e-02
4.159722131282291707e-02
5.744078369557586300e-02
2.679581796241982047e-02
1.071688971425063634e-02
2.398626850096906016e-01
4.568951939591968381e-03
1.760571207249378087e-02
7.115133895057405844e-03
1.276251890521227228e-01
3.010888349064210889e-03
1.210337606707966376e-02
6.774904317121624095e-03
4.386350841759307888e-03
1.066626063670063525e-02
5.144131320238885113e-02
1.741815808851311306e-02
1.430447876258476164e-02
7.828292957304238200e-03
1.845473681791150178e-02
1.641479434059829254e-02
9.731384928797781348e-04
1.629818509443470634e-02
1.458639886446643288e-02
2.010915484523860888e-02
4.833096245455986532e-03
1.268832008924233867e-01
1.136351358898463580e-02
4.564702966604178291e-02
8.388750714042754117e-03
3.763302466408655674e-03
6.226428538130351908e-03
1.469011895993878151e-02
2.949297172966015151e-02
2.257245509968692776e-01
1.140295574055594750e-02
4.318324947059980039e-03
3.600572812561975145e-02
1.804605520349404982e-02
3.297764030053413481e-02
2.043770341699277515e-02
1.319914729082310480e-02
3.565753775511782894e-03
3.808587500386027315e-03
1.648879019388574309e-03
3.749068585127510612e-03
9.425576021058536605e-03
1.692932739918028007e-02
1.235381017133932099e-02
6.371505122478584096e-03
1.828910480721211316e-03
5.713465550542287143e-03
1.580570087062665649e-02
6.082151229001899612e-02
2.885117945832972597e-02
3.279730876184308586e-02
2.072182768710421810e-03
1.669339807561608935e-01
9.520557131346215826e-03
2.162354695101710925e-02
1.341421373804470817e-02
2.341233990290046696e-02
1.433443004458891633e-02
3.233602751504482953e-02
1.773673252559583233e-02
7.357381227573770235e-03
3.297764030053413481e-02
3.350570465754648154e-03
3.480501235486953282e-02
1.855759430950640332e-02
5.515323156133109840e-03
9.240719869842182327e-03
2.839127414520638965e-02
1.648637708349062455e-03
5.949686103611149211e-04
2.097392027738267939e-02
2.775679085570716478e-02
2.212633592374742882e-03
6.048139958136584948e-02
3.762738025335201492e-02
1.637188528311962071e-02
1.090122967596026358e-02
3.235788471348281445e-03
2.019378364716017255e-02
1.865803429841303744e-04
1.626758339720042745e-02
6.094899773383683460e-03
1.149070296963459852e-02
1.057595101812166399e-02
6.991329066066213904e-02
7.626512176909388402e-03
4.651947735956015774e-03
9.716151025750055514e-02
1.183646092382372155e-03
6.777500970610176104e-03
9.841000882923335927e-03
4.337306965541671763e-03
4.664722967210344073e-02
4.900555618019625942e-03
9.530650325332341855e-02
8.100852518265285254e-03
2.275630020070831989e-03
1.015022555974181596e-02
4.955385683861581597e-02
3.056429728499263782e-03
1.549315225650270498e-03
6.371756732390168598e-04
1.677079656208634029e-02
3.077648989802285809e-02
8.003220406140305887e-02
4.549957541861359041e-03
4.043130750186580552e-02
8.946883819388580733e-04
1.180074475044277926e-02
3.297764030053413481e-02
6.295994248730149394e-03
1.486503117445509004e-02
4.837500638978245102e-03
9.975120602973409564e-03
2.306274257251975449e-02
1.224359855898075368e-02
1.789432251876920885e-03
1.252445115858153574e-02
2.809269994837767376e-02
2.352808514613983701e-02
4.291937114331412229e-02
2.977553974038719270e-02
1.179916132661343970e-03
2.788235510736308126e-02
9.533808367873696302e-03
8.775785403990717104e-02
9.770980650178218846e-03
1.327190338128129699e-01
1.855969353078304115e-02
4.451904804813749082e-03
5.078039676952378345e-02
2.212048399959599607e-03
3.297764030053413481e-02
5.071351227466389111e-02
6.556901693958776256e-02
4.036324660380997131e-01
1.339256310441997062e-02
3.333512467249192396e-02
8.794635116956679016e-03
2.083471061583071909e-02
1.838018571825076469e-02
2.227934049933426308e-02
4.713575087361132447e-03
3.208311624687016500e-02
1.070090079364545768e-02
5.160177402313343570e-02
4.780321076188771140e-03
1.029587223826594622e-02
2.922696081205237648e-02
2.823195175414961941e-02
3.398878453062362248e-02
1.011555820711890902e-02
1.872117348709803272e-02
3.102588576481699750e-02
4.338268834738964741e-04
4.769638782815669581e-03
6.440640209720495824e-04
9.830540847621964395e-03
2.492498120183999841e-02
1.572429796353747716e-02
2.821950066713011310e-02
5.821149900238897085e-02
8.542356776857613909e-03
1.740482188556412638e-02
4.468574428189913544e-03
1.421581643464289117e-03
4.512558763716483998e-03
2.915010081209062367e-04
3.049623141133862847e-02
1.090087606360178388e-02
7.023106463639903693e-04
3.352885832485195255e-02
2.469084779919147182e-02
2.812503730749965365e-03
5.578914038551880360e-03
5.365664626112338909e-02
2.498271393677779437e-03
8.199960610927875190e-03
1.005138903904657238e-02
5.280481984161571052e-02
2.403759328342110896e-02
2.458644560561659112e-04
4.567321732432968497e-03
1.483781169595448438e-02
4.633199920306194791e-02
3.425741403430652976e-02
6.269672002235089289e-03
9.433939185477677181e-03
1.543935576666916228e-02
1.319220561627351901e-03
2.408695882207790434e-02
1.019106513642947451e-02
1.496780320233587550e-02
2.627139249149577915e-02
1.645540579066421746e-02
5.686507806447660320e-04
3.126412378814530380e-03
1.624487075669688030e-01
1.981831839536395828e-02
1.495384306717715932e-02
1.690527976194091970e-03
3.297764030053413481e-02
2.535920626284336732e-02
4.461707076698526522e-03
1.227485292999820274e-02
2.994086462804700366e-01
1.333932000225794339e-03
1.925629832128594385e-02
3.715277083820160697e-02
9.832347765058171984e-02
6.272656275254511610e-03
2.352644113391473384e-03
6.535165426412832025e-03
3.298087152068667448e-03
1.371589234305369866e-02
1.582949788026175725e-02
3.545149655139646135e-03
6.090541582516660439e-03
3.595617426392647836e-02
2.629007848504379824e-02
7.381536022254948058e-03
4.806508381164233124e-03
5.208994448398490858e-03
2.436509820315285214e-03
1.072145276548211673e-03
1.315509163017986993e-03
1.743377613113562125e-02
8.056256488550699599e-04
6.584724968740180220e-03
4.942371081326436127e-02
2.927908050200610929e-02
1.646069228912509829e-03
3.546965028339947590e-02
2.101696921636610031e-03
8.644383721485218578e-05
2.180978875834088389e-04
5.408682224117624358e-03
2.043889923003399528e-03
1.285321964778935074e-02
1.265656335933447061e-03
8.704155530643907512e-02
3.578980306630552381e-03
1.225406521353036111e-03
3.134603332213228410e-03
2.730399249968764978e-03
1.429956991315525783e-01
1.182679359857598646e-03
2.381758074979327400e-02
2.596409356836478291e-02
1.377051302325746698e-02
7.828560828791263082e-02
2.124182228492273346e-03
2.197009508659626686e-02
4.274606176965129421e-03
9.235074210024922601e-04
2.758097108524085813e-04
7.346404644713318277e-03
2.496929432175889856e-03
1.102891734560489979e-02
1.730126105538367515e-02
1.078729301240404816e-02
4.530079714420857245e-02
7.924760404932553078e-04
2.650360951869586233e-03
3.720802055651973445e-02
4.575354890494243848e-02
8.410868314810777957e-02
3.287534692014520976e-02
1.435385353925718727e-02
8.863122742596535666e-03
7.359452621509082748e-03
1.045226858543900047e-03
1.207580088307004106e-04
1.415123494972845772e-02
1.630334943956830013e-03
1.357559890214542382e-02
1.220029625161321444e-03
7.020510417409070447e-02
2.763530978452361994e-02
1.771186492999165737e-02
2.308834972546223649e-02
1.383398940582241093e-03
3.297764030053413481e-02
6.759825835294289154e-03
3.554918728200986977e-02
4.167907575696528418e-04
8.826570994293658420e-03
1.696951435785944151e-02
1.155362317588909567e-02
1.065547606861037572e-03
4.217614092022130973e-03
3.297764030053413481e-02
5.287764791072546364e-03
9.119759756549083649e-03
2.993618448152937477e-03
8.332604052032975550e-03
2.091154680859869802e-03
1.066988341730282577e-02
2.363299743026587869e-03
1.387907932478195557e-02
2.960766895677886465e-02
3.345874276382719559e-02
1.421634244639272647e-02
4.358580069011999160e-03
3.297764030053413481e-02
6.986617953877921616e-03
5.271666429543083766e-03
8.749270357028177169e-04
1.207961088356995999e-03
2.952265087950857458e-03
2.232465762519120645e-03
2.649239214040360890e-02
9.985694212590177921e-03
1.709556181932326280e-01
3.851936557556667751e-02
1.223821946546472528e-01
5.135584044115469420e-03
3.297764030053413481e-02
4.183490482215716788e-03
4.432509441335943240e-02
3.415637546603067509e-03
1.152006419920774275e-03
1.056485437191415425e-02
2.354626109647953852e-02
3.297764030053413481e-02
3.297764030053413481e-02
2.359489008169033536e-02
1.031661761784854053e-01
2.784470384857921921e-02
4.028641646208794974e-02
1.539569454357790287e-02
6.242266895290962680e-03
2.644453999759733068e-02
3.442939844296686452e-02
3.099402288234350249e-03
3.212701300592482045e-01
7.787896833715503633e-03
5.328459628711793017e-02
2.417434982409789879e-02
8.255128049402454815e-03
5.026228604629425292e-03
1.141576735142194043e-02
4.549768050504874629e-03
3.263867756203967657e-02
2.486399418924101559e-02
8.667258561579139695e-03
1.040909847881670708e-03
1.381745117387218613e-01
1.498904293062462423e-01
8.781622277734751209e-03
3.301830219999513788e-02
2.331562563976709995e-02
3.268094540295016118e-04
3.238940648560716031e-03
2.909452540841448234e-02
2.444389061878604608e-02
8.742301396851700004e-03
1.452428808067538629e-02
1.929485501054184135e-02
2.074636137413733150e-01
1.080185974886216892e-02
3.878153990401581735e-02
1.032950327647247021e-02
5.275458225947275877e-03
5.479385261294326959e-02
5.749028502344522527e-03
1.513029835539681824e-02
1.262981507750274811e-03
2.192624869694439083e-03
1.624946276247909438e-01
3.208036205836492516e-02
2.213834532147767806e-02
2.562590910120872336e-03
1.588227042554146706e-02
3.297764030053413481e-02
9.597340395140643507e-03
8.213800715020492735e-03
6.188975205380950473e-02
5.229685326427094098e-03
1.863602379298568909e-02
8.454232493129813786e-03
3.226383854106551485e-02
6.533087545313638785e-03
1.408349188712081481e-03
5.645483934275050304e-03
2.868860307489638078e-02
3.649307422090559277e-02
8.358705227068066734e-03
2.061244059662233757e-03
1.322846132415390853e-03
3.297764030053413481e-02
1.473816691503926878e-02
1.366928999631337668e-02
4.090753194782318497e-02
5.054175096736014325e-03
3.297764030053413481e-02
1.980337447028677946e-03
5.040777639466981208e-02
2.056287010259611261e-03
2.380937168288274879e-03
5.257323500092567128e-04
1.354371972691487472e-02
2.500687529405978271e-01
1.570279941511298211e-02
5.843093325709824287e-02
1.975231627988097496e-02
1.961775537599697722e-02
3.827066242406718111e-02
2.800688212090727061e-02
6.761047959091778282e-04
8.162224687888682689e-03
6.590759761741302181e-02
1.955106546035347871e-03
1.413737669995236571e-03
3.090891587342217001e-02
5.763048150979041551e-03
5.552007149125865598e-03
4.488923251632733619e-02
5.495151219915465068e-01
6.716014296238011737e-03
2.266352181161443435e-02
3.297764030053413481e-02
5.870068221797175882e-04
7.645852158116557898e-03
2.252437944177172399e-02
3.579619108083092333e-02
6.461805200037941226e-03
1.138484053976476090e-02
2.518734572115705842e-03
4.961240691005148334e-02
5.031197269368737658e-03
1.709001207443608394e-02
3.541966537919988278e-02
2.872079943955840615e-03
7.348253013141612701e-03
2.638112115160819518e-02
2.368692002943085378e-02
8.892511819493909009e-03
9.946547376822828176e-03
3.297764030053413481e-02
1.736766355376084510e-03
2.431793837079879606e-03
1.102080889257951637e-03
9.182780254776011508e-02
1.100674529683532826e-01
2.287295457058778972e-02
3.297764030053413481e-02
7.953722156141354929e-03
4.290264860995389798e-03
3.353585704155699621e-02
2.241480740316477427e-02
8.292786418048619934e-03
1.279421284952615874e-02
3.612817327583094790e-02
2.325998561013826668e-03
3.025841236838627477e-02
1.387676024262295485e-02
3.022681297783409195e-04
4.279202437450461451e-03
3.182955058862894492e-03
2.636297678313894929e-02
2.880589835048508532e-02
3.297764030053413481e-02
1.694805589816965677e-02
2.358062357927628687e-03
2.476004013614180321e-02
5.193404588566896685e-02
6.988752957225598250e-03
1.531876725133178296e-01
2.718278698565954055e-02
1.802095152798878844e-02
9.282803564418408773e-03
3.979203233530747424e-02
2.240006275918446366e-02
1.975968352587505195e-02
1.486035369605885441e-02
2.987143087410209369e-02
1.570761182561086072e-02
1.734629180702247919e-01
5.958124837618063857e-03
4.660022639022435437e-03
7.268088057707581262e-01
8.198571100717000695e-03
3.297764030053413481e-02
2.324940592258987679e-03
6.263258298171003359e-03
3.297764030053413481e-02
8.222947441567178550e-02
1.393907136046419748e-01
5.025280002304121328e-03
2.348446959388222552e-02
3.001423225886535109e-02
1.673246403316619793e-02
1.945390816118043771e-03
4.932829816084793179e-03
2.705167372118145314e-02
7.333554393758071228e-03
3.678609892592686181e-03
1.275614300607109952e-02
5.041548957724571386e-03
1.929018376611526739e-02
9.604434651431062106e-03
5.495730291026650581e-03
1.166295587440315668e-02
8.115165520375177549e-03
1.229170089120724257e-02
2.047566571110046724e-02
1.611521459132414166e-02
2.823956530123876776e-02
2.970246122336172440e-02
1.105767890675312705e-02
3.986021344665167943e-02
9.746437089117395910e-03
4.137003326821215264e-03
4.328093844904525554e-03
1.421042722177639876e-02
1.435855980827147049e-01
1.028529458286376111e-03
4.014702558260894311e-03
2.877223482761847792e-02
2.156984165447800930e-02
1.379462982726201332e-02
3.789272347489108100e-02
3.885701062141399542e-01
1.421484222261593794e-02
6.196593447163839530e-02
2.111498187029954305e-03
1.878797275932250765e-02
1.942941317444320942e-02
1.693156908515631304e-02
6.839332053290056446e-03
9.136727287375696893e-03
8.330950352535455850e-04
9.554031096843114412e-03
1.415947924686396242e-02
4.503349810811090384e-03
2.705500159730007612e-02
5.300469556696572881e-03
3.964604019022337569e-03
2.632464458081987257e-02
5.116123474993456988e-01
4.648892950363288021e-03
1.946507909551874194e-02
2.733506167388624619e-02
2.545219616653299904e-02
1.687585924001912870e-03
1.990767405054132654e-03
3.899511314118149496e-03
2.739986086885779631e-02
4.292654728135249925e-03
1.419525268673097959e-02
3.561967075661491480e-03
8.463956746164808670e-03
2.115793633810762742e-02
6.512686781269123350e-03
3.502640266174468497e-02
1.695085110647057483e-02
2.205269669554975331e-02
1.624589698614599051e-02
2.472164380604284159e-02
1.183759089605955668e-02
5.430146657182829267e-02
1.555010578172863131e-02
2.552458143918615377e-02
5.493578133560570419e-03
7.753050362365805637e-02
8.392982083207344013e-03
1.345668467275338565e-01
1.202641279662960451e-02
2.676804135465537041e-02
3.297764030053413481e-02
2.849341064922976396e-02
1.719301696803424975e-03
3.297764030053413481e-02
3.759113782457094294e-02
1.438748147688573937e-03
9.674813664034149704e-03
1.551517948077251428e-02
1.693948233484825574e-04
7.246070759151168432e-03
1.309884984661279254e-03
3.025614476886982415e-03
1.095947373797009732e-03
6.773059335527349505e-03
3.289144849512512514e-02
1.172716047304364975e-02
5.250367654399389419e-03
7.309933521459521626e-03
2.367459209578417004e-02
1.303094545205506390e-02
1.968502777922980645e-02
3.421212448270507817e-03
3.349250611503921948e-03
5.347720802712948446e-03
1.643451627725512829e-02
2.347259363719450542e-02
2.260682221424966873e-02
1.076288872628851237e-03
2.403084890346241387e-03
2.751289316811062965e-02
1.212816822122627508e-02
1.227177141132567914e-02
3.554339510643501204e-02
1.100908717809361698e-02
3.297764030053413481e-02
9.667891893785895627e-03
4.140415417589296543e-02
3.068237260019399809e-03
2.961523419595533946e-02
1.690747637123884506e-03
6.231991467398811588e-03
2.778593678182140689e-02
9.026541174731610162e-03
2.353279926906937710e-03
1.050054122752594639e-02
1.262112264351949098e-03
3.331346793181749755e-02
1.661966857697629680e-03
3.297764030053413481e-02
3.297764030053413481e-02
3.346637657658455001e-03
1.297297609954700887e-03
1.283003983515074945e-03
3.987505096989956560e-02
1.913076202798685496e-02
3.664931332490403704e-02
1.687705205111859896e-02
2.236026858460895411e-02
9.201998130502105078e-04
3.137962647801421923e-02
1.966667707452495265e-02
1.774027646645652198e-02
1.245133438927665571e-02
1.375094991604299856e-02
1.065094158144168010e-02
1.995181322763803482e-03
4.236083185467568249e-03
4.226399818888042920e-02
2.115317045230019188e-03
3.924234446757729478e-02
2.636942652779353594e-02
3.297764030053413481e-02
1.609607884491603969e-01
1.232141977397459807e-03
6.734390706186964629e-03
5.441042525275626568e-02
3.491674476397442495e-03
7.643400299292966993e-03
2.346913602842600269e-02
3.640247078397468999e-02
2.892987930798179494e-02
1.519792029567805167e-02
1.772585559444017633e-01
8.238536377520202028e-03
7.213402897672641784e-03
3.480918896022001247e-02
2.482233078485128908e-03
1.176213991883063052e-03
8.123237303220691777e-03
7.835860798961383862e-04
2.890141259235722449e-03
7.150629453350673334e-03
1.249882247745153462e-02
4.719012261710125652e-03
2.439080096365276937e-02
8.266149615424786198e-03
1.406079065023185803e-02
4.844293531800084930e-04
2.856810825438162171e-02
1.128183597258848548e-03
2.815446482830485930e-02
2.381211558117866944e-02
5.168295113088246066e-03
2.813557223409338115e-02
2.829330982726601523e-02
2.808678112746761796e-03
1.239738802090408799e-02
2.027830742473315379e-02
2.912761136808841161e-02
1.147315231459038361e-02
1.051370814121020854e-02
1.180720820166103642e-02
2.575435523148093906e-03
2.157779870944573353e-02
7.810371241824431987e-03
2.417381986227610125e-03
7.565370043879983061e-03
3.142662565979599532e-02
2.108191352079879718e-02
4.880350493896578462e-03
2.025201607612784477e-02
4.923044826648918793e-02
3.769578313080102633e-02
1.251080091948179440e-03
2.573921000654646671e-02
6.772230244063618017e-03
6.781587517651406494e-03
7.557186471049924786e-04
1.286152990495959166e-03
3.297764030053413481e-02
5.401282867719879761e-03
2.865802064507960364e-03
1.239906307191036491e-02
3.121658834543996827e-02
1.256381997645734765e-02
2.514024936732948620e-02
3.297764030053413481e-02
6.180820708843221163e-03
2.369152812109341089e-01
3.349635703709421541e-01
6.578583313295504817e-03
4.380979565106191999e-03
2.011320313057234424e-02
1.521536923770640086e-02
8.608496653639023319e-04
