2.576105296611785889e-01
3.660574853420257568e-01
1.269627213478088379e-01
5.447417497634887695e-03
3.660574853420257568e-01
2.076407968997955322e-01
2.606464624404907227e-01
3.383369445800781250e-01
3.157828450202941895e-01
3.660574853420257568e-01
2.136082947254180908e-01
3.201392292976379395e-02
6.054416298866271973e-02
6.615221500396728516e-04
4.995584487915039062e-03
6.635165214538574219e-02
3.660574853420257568e-01
5.607193708419799805e-02
5.143240094184875488e-02
7.528591156005859375e-02
1.902607381343841553e-01
1.671895384788513184e-02
3.426592051982879639e-01
1.326051652431488037e-01
4.100294411182403564e-01
7.007071375846862793e-02
1.112740039825439453e-01
1.449598073959350586e-01
6.135462522506713867e-01
3.745406866073608398e-03
5.039197206497192383e-02
2.264533638954162598e-01
2.696102857589721680e-02
3.025225996971130371e-01
2.590787410736083984e-02
3.841975927352905273e-01
4.212382435798645020e-02
2.355570197105407715e-01
2.279641628265380859e-01
1.532837152481079102e-01
4.238825142383575439e-01
3.545432686805725098e-01
1.420649886131286621e-02
3.660574853420257568e-01
1.447297334671020508e-01
3.910408616065979004e-01
2.873238027095794678e-01
1.880733668804168701e-01
9.691396355628967285e-02
8.326619863510131836e-02
3.622652888298034668e-01
4.753616452217102051e-02
3.505191206932067871e-02
3.114341795444488525e-01
3.107631206512451172e-02
9.504303336143493652e-02
4.979959130287170410e-02
2.817369699478149414e-01
1.027780771255493164e-02
2.049461007118225098e-01
1.321363449096679688e-01
3.237654566764831543e-01
1.165589690208435059e-01
2.681767344474792480e-01
1.903474330902099609e-04
3.492011725902557373e-01
1.428247988224029541e-01
3.449295163154602051e-01
6.500504612922668457e-01
3.879857063293457031e-02
2.008535861968994141e-01
3.252387642860412598e-01
6.495198607444763184e-02
4.977744817733764648e-02
1.519153118133544922e-01
9.654396772384643555e-02
5.613890290260314941e-02
1.921172440052032471e-01
2.125416696071624756e-01
2.087028324604034424e-01
2.448221743106842041e-01
2.977257966995239258e-02
1.362890303134918213e-01
6.665405631065368652e-02
4.437819123268127441e-02
3.898252546787261963e-01
1.165471374988555908e-01
6.190532445907592773e-02
2.374460697174072266e-01
1.122653484344482422e-04
7.439780235290527344e-02
3.019893467426300049e-01
1.706111431121826172e-02
3.660574853420257568e-01
1.050114631652832031e-03
4.526387453079223633e-01
5.077856779098510742e-02
5.774242281913757324e-01
9.349384903907775879e-02
5.318099260330200195e-02
7.887214422225952148e-03
7.834374904632568359e-03
4.807636737823486328e-01
2.896761894226074219e-01
2.160532474517822266e-01
2.924573421478271484e-01
2.726118564605712891e-01
8.877715468406677246e-02
1.650130748748779297e-02
2.994980216026306152e-01
3.660574853420257568e-01
1.428366303443908691e-01
3.558300733566284180e-01
4.845727384090423584e-01
8.482265472412109375e-02
1.163557171821594238e-02
2.653390765190124512e-01
5.027461051940917969e-02
4.109174013137817383e-03
6.669303774833679199e-02
7.316589355468750000e-02
5.280849337577819824e-02
3.660574853420257568e-01
7.680991291999816895e-02
1.665828824043273926e-01
9.161663055419921875e-02
6.423902511596679688e-02
7.107043862342834473e-01
5.835226178169250488e-02
1.469230353832244873e-01
3.916171193122863770e-02
3.113757967948913574e-01
3.382745385169982910e-01
3.616210222244262695e-01
2.293591797351837158e-01
2.050248086452484131e-01
4.577654302120208740e-01
6.107959151268005371e-02
1.308423280715942383e-02
2.579464316368103027e-01
1.533839106559753418e-02
5.109143257141113281e-02
3.094066381454467773e-01
3.280543088912963867e-01
1.843983829021453857e-01
3.318300843238830566e-02
1.431995928287506104e-01
2.450692653656005859e-02
6.894379854202270508e-03
2.609753608703613281e-02
1.495835781097412109e-01
3.881661295890808105e-01
9.480863809585571289e-03
5.296060442924499512e-02
1.878655552864074707e-01
8.243575692176818848e-02
1.620863974094390869e-01
1.639350950717926025e-01
1.286486089229583740e-01
3.800943791866302490e-01
2.110491096973419189e-01
3.281525969505310059e-01
2.929192781448364258e-02
3.236272335052490234e-01
3.506320714950561523e-01
4.294247627258300781e-01
1.363531649112701416e-01
3.806027770042419434e-02
1.037856936454772949e-02
4.851532876491546631e-01
3.379234075546264648e-01
3.444417715072631836e-01
2.933773398399353027e-02
1.174077689647674561e-01
1.944307088851928711e-01
5.270928144454956055e-03
2.653548121452331543e-02
6.328457593917846680e-02
2.765238285064697266e-02
1.516747474670410156e-02
3.660574853420257568e-01
9.519419074058532715e-02
1.241868436336517334e-01
1.054642200469970703e-01
4.542016983032226562e-02
2.488855421543121338e-01
1.065691113471984863e-01
1.076765060424804688e-01
4.792309105396270752e-01
4.253219366073608398e-01
1.245194673538208008e-02
3.767624497413635254e-02
4.000315666198730469e-01
2.178171277046203613e-01
1.344928145408630371e-01
1.784377694129943848e-01
2.879202365875244141e-04
8.107368946075439453e-01
1.225992739200592041e-01
4.421978592872619629e-01
9.096902608871459961e-02
1.977450251579284668e-01
2.268861234188079834e-01
3.660574853420257568e-01
2.528088688850402832e-01
9.999999403953552246e-01
6.359604001045227051e-02
6.707882881164550781e-02
3.185398578643798828e-01
3.503631353378295898e-01
6.894052028656005859e-02
1.609210073947906494e-01
4.266566038131713867e-02
3.576441705226898193e-01
1.210457086563110352e-01
2.305743694305419922e-01
4.472061991691589355e-02
3.542174100875854492e-01
4.928839206695556641e-02
2.605810165405273438e-01
7.482364773750305176e-02
3.383731544017791748e-01
2.510177195072174072e-01
1.063686609268188477e-02
3.946921229362487793e-01
7.766422629356384277e-02
1.593929827213287354e-01
1.497471332550048828e-01
3.163716197013854980e-02
1.568069756031036377e-01
2.314846217632293701e-01
4.576479196548461914e-01
4.136294722557067871e-01
1.732099056243896484e-02
3.334161639213562012e-01
1.990973949432373047e-02
4.104552567005157471e-01
1.097911596298217773e-02
3.780948519706726074e-01
4.125893115997314453e-02
1.891885101795196533e-01
2.226501703262329102e-03
1.726776361465454102e-03
2.018550038337707520e-02
6.422343850135803223e-02
7.172888517379760742e-02
3.798990249633789062e-01
1.058475673198699951e-01
2.144638299942016602e-01
2.750799655914306641e-01
9.510159492492675781e-03
1.271545290946960449e-01
3.880773484706878662e-01
4.732775688171386719e-02
7.071694731712341309e-02
4.148697853088378906e-02
7.146117091178894043e-02
2.520270943641662598e-01
3.519670367240905762e-01
1.574528515338897705e-01
9.079545736312866211e-02
2.644211053848266602e-02
1.327544450759887695e-03
8.788493275642395020e-01
3.808409273624420166e-01
8.564588427543640137e-02
3.131263852119445801e-01
2.253555059432983398e-01
6.826475262641906738e-02
2.721914052963256836e-01
4.359527230262756348e-01
8.385363221168518066e-02
1.255195140838623047e-01
2.854307293891906738e-01
4.992133677005767822e-01
1.535192131996154785e-02
1.198202967643737793e-01
3.417743146419525146e-01
8.963644504547119141e-03
6.500872969627380371e-02
1.217693686485290527e-01
1.768815517425537109e-02
2.378182411193847656e-01
3.985058069229125977e-01
3.660574853420257568e-01
2.857710719108581543e-01
1.581448912620544434e-01
5.406796932220458984e-03
1.393781900405883789e-01
3.021734952926635742e-02
2.167788743972778320e-01
4.412946105003356934e-01
1.109848022460937500e-01
9.907679557800292969e-01
2.539795637130737305e-01
4.667331278324127197e-01
2.754986286163330078e-03
2.033028006553649902e-02
2.892456948757171631e-01
9.266012907028198242e-02
3.266808092594146729e-01
2.546711266040802002e-01
7.022395730018615723e-02
8.134335279464721680e-03
4.948758482933044434e-01
2.845096290111541748e-01
8.157643675804138184e-02
1.065590977668762207e-01
2.185283899307250977e-01
3.528286218643188477e-01
1.214223504066467285e-01
1.320585608482360840e-01
3.120958805084228516e-02
7.256946563720703125e-01
3.501276969909667969e-01
4.209957122802734375e-01
4.601809382438659668e-02
3.612625598907470703e-01
3.189518153667449951e-01
3.582339882850646973e-01
6.624794006347656250e-02
3.828926682472229004e-01
2.338061332702636719e-01
8.111476898193359375e-02
2.404907345771789551e-02
2.580881118774414062e-05
5.758434534072875977e-02
2.661240100860595703e-02
1.891435682773590088e-01
4.443979263305664062e-02
1.808300018310546875e-01
7.456690073013305664e-02
3.140526711940765381e-01
3.061245679855346680e-01
4.522213339805603027e-02
4.916010200977325439e-01
1.058885455131530762e-02
4.345634877681732178e-01
1.963496208190917969e-02
1.721871793270111084e-01
1.041062772274017334e-01
3.436582088470458984e-01
1.147216558456420898e-01
1.263539195060729980e-01
3.660574853420257568e-01
2.006118297576904297e-01
7.687419652938842773e-02
1.251387894153594971e-01
1.747053861618041992e-02
3.986081480979919434e-02
1.504331827163696289e-03
2.085916697978973389e-01
3.072086572647094727e-01
2.240668833255767822e-01
9.432744979858398438e-02
2.283564507961273193e-01
1.150369644165039062e-05
4.063666164875030518e-01
1.806053221225738525e-01
1.146450340747833252e-01
1.421624422073364258e-01
4.886347055435180664e-02
4.286450147628784180e-02
3.127484917640686035e-01
2.236869931221008301e-02
8.073207736015319824e-02
2.515777349472045898e-01
3.443793356418609619e-01
7.220560312271118164e-02
2.578665614128112793e-01
1.079692840576171875e-01
2.160558104515075684e-02
2.170403301715850830e-01
1.295107007026672363e-01
3.285350203514099121e-01
2.428829371929168701e-01
4.236996173858642578e-02
3.265486955642700195e-01
9.529430866241455078e-01
9.685847163200378418e-02
3.566018939018249512e-01
2.382898926734924316e-01
1.024537384510040283e-01
6.685103774070739746e-01
1.285976767539978027e-01
3.427922129631042480e-01
2.871846556663513184e-01
9.278199076652526855e-02
2.510228157043457031e-01
1.608192920684814453e-02
3.433871269226074219e-01
3.940996527671813965e-02
5.653768777847290039e-03
3.995910286903381348e-02
6.613135337829589844e-05
2.766389250755310059e-01
1.261475980281829834e-01
5.069941282272338867e-03
4.980540275573730469e-02
1.256775856018066406e-01
1.470792293548583984e-02
2.818330526351928711e-01
1.303406059741973877e-01
9.212161302566528320e-01
3.107021152973175049e-01
3.660574853420257568e-01
2.834957838058471680e-01
1.185632348060607910e-01
5.732226371765136719e-02
3.054336309432983398e-01
6.978982686996459961e-02
6.277142763137817383e-01
3.648226857185363770e-01
2.320250570774078369e-01
5.427721142768859863e-02
3.371248841285705566e-01
1.914372146129608154e-01
2.063547372817993164e-01
3.665711879730224609e-01
3.774681687355041504e-02
2.473399043083190918e-01
3.379744291305541992e-02
1.842832565307617188e-02
3.415441513061523438e-01
1.679094433784484863e-01
5.360573530197143555e-01
7.958006262779235840e-01
8.072337508201599121e-02
2.051173150539398193e-01
5.629900097846984863e-02
5.582955479621887207e-02
1.418800652027130127e-01
2.037431299686431885e-01
6.171920895576477051e-02
2.278357744216918945e-03
2.169176638126373291e-01
1.542915403842926025e-01
8.520656824111938477e-02
1.228165626525878906e-02
2.369016408920288086e-03
4.596142768859863281e-01
1.067063510417938232e-01
7.177203893661499023e-03
1.070996820926666260e-01
1.043866872787475586e-01
3.295610845088958740e-01
1.204772293567657471e-01
2.751389443874359131e-01
6.731143593788146973e-02
3.660574853420257568e-01
1.380218863487243652e-01
4.284733533859252930e-02
7.384330034255981445e-03
3.408115506172180176e-01
3.405157327651977539e-01
1.228401958942413330e-01
5.567178130149841309e-02
3.086902201175689697e-01
1.758164167404174805e-02
3.229349851608276367e-03
1.696214079856872559e-02
3.640519976615905762e-01
1.680663228034973145e-01
3.235006928443908691e-01
9.476661682128906250e-03
1.895080208778381348e-01
4.557797312736511230e-02
3.333945274353027344e-01
8.768439292907714844e-04
3.580451905727386475e-01
3.660574853420257568e-01
4.850691556930541992e-02
1.174794137477874756e-01
9.053099155426025391e-02
1.467835903167724609e-02
4.842931032180786133e-02
9.193235635757446289e-02
6.956595182418823242e-02
3.684980571269989014e-01
2.508477568626403809e-01
1.368660032749176025e-01
3.763983547687530518e-01
3.334533572196960449e-01
2.668917179107666016e-02
2.285943925380706787e-01
1.039186120033264160e-01
2.392357289791107178e-01
1.048267483711242676e-01
2.542051672935485840e-02
3.409463763236999512e-01
3.844938874244689941e-01
3.284569978713989258e-01
3.995003998279571533e-01
3.397166728973388672e-02
1.974801421165466309e-01
4.043251574039459229e-01
9.673506021499633789e-02
1.067890226840972900e-01
1.905802190303802490e-01
2.741166353225708008e-01
1.112214922904968262e-01
1.383121311664581299e-01
8.839845657348632812e-02
3.035677075386047363e-01
1.357724964618682861e-01
1.382172405719757080e-01
7.378733158111572266e-02
2.836355566978454590e-02
4.094973206520080566e-02
2.506554722785949707e-01
2.418555021286010742e-01
7.043251395225524902e-02
1.756137609481811523e-02
2.124975323677062988e-01
2.084875404834747314e-01
3.366387486457824707e-01
3.604025244712829590e-01
6.655070185661315918e-02
5.727529525756835938e-03
1.443446874618530273e-01
1.924666762351989746e-02
1.460108757019042969e-01
4.669502377510070801e-02
5.972826480865478516e-01
3.336091935634613037e-01
3.604203462600708008e-01
7.338535785675048828e-02
2.053823769092559814e-01
9.905617237091064453e-01
4.784418344497680664e-01
2.290168404579162598e-02
3.564983606338500977e-01
1.902347803115844727e-02
4.348066449165344238e-02
3.739452660083770752e-01
2.159111201763153076e-01
2.342317998409271240e-01
7.977020740509033203e-02
3.557765483856201172e-02
1.344838142395019531e-01
1.425379514694213867e-02
4.483721256256103516e-01
4.737733900547027588e-01
3.373649120330810547e-01
2.570110559463500977e-02
3.660574853420257568e-01
1.500788331031799316e-02
1.803393959999084473e-01
1.581445634365081787e-01
5.730921030044555664e-02
1.972898244857788086e-01
3.343486785888671875e-02
3.302770256996154785e-01
3.332861065864562988e-01
3.866317868232727051e-01
1.006212830543518066e-02
1.926530897617340088e-01
9.471389651298522949e-02
1.915688812732696533e-01
5.160272121429443359e-03
1.031462848186492920e-01
1.172205805778503418e-02
2.647808194160461426e-02
3.180923163890838623e-01
2.331021130084991455e-01
3.445699214935302734e-01
1.584932804107666016e-01
1.367092728614807129e-01
1.334370076656341553e-01
3.503990173339843750e-02
4.833581745624542236e-01
2.954937517642974854e-01
1.787818968296051025e-01
5.703765153884887695e-02
2.781727910041809082e-02
5.237612128257751465e-02
3.599172830581665039e-01
5.840599536895751953e-03
1.792849600315093994e-01
4.938960075378417969e-02
2.553147077560424805e-02
2.752219438552856445e-01
4.344788193702697754e-01
1.039224863052368164e-01
1.880491673946380615e-01
6.880423426628112793e-02
3.111663460731506348e-01
6.554678082466125488e-02
1.681157946586608887e-02
4.563754796981811523e-02
1.753731369972229004e-01
1.955291628837585449e-02
2.705492377281188965e-01
1.924431324005126953e-02
1.623180508613586426e-02
3.660574853420257568e-01
2.496581077575683594e-01
3.324602544307708740e-01
4.310658872127532959e-01
5.377972126007080078e-01
2.348131835460662842e-01
1.337666213512420654e-01
3.768376410007476807e-01
2.934208512306213379e-01
2.446761727333068848e-02
5.665805935859680176e-01
4.569470882415771484e-03
4.288190603256225586e-02
1.862705051898956299e-01
7.473030686378479004e-02
1.832305490970611572e-01
2.285552620887756348e-01
2.539634108543395996e-01
1.124404072761535645e-01
9.308338165283203125e-03
3.864834010601043701e-01
4.207440912723541260e-01
9.305816888809204102e-02
3.999248743057250977e-01
3.365902304649353027e-01
3.229556679725646973e-01
1.281710863113403320e-01
7.771062850952148438e-02
2.958763539791107178e-01
3.660574853420257568e-01
3.468705713748931885e-01
6.404787302017211914e-02
9.848347306251525879e-02
2.360259294509887695e-01
2.410420775413513184e-01
1.168240308761596680e-01
2.646598517894744873e-01
8.593231439590454102e-02
4.473155140876770020e-01
4.164939224720001221e-01
9.466817975044250488e-02
4.689673781394958496e-01
1.580631136894226074e-01
7.399697303771972656e-01
3.321170806884765625e-03
1.653210520744323730e-01
1.550223231315612793e-01
4.732603132724761963e-01
7.371807098388671875e-02
6.651547551155090332e-02
1.242187917232513428e-01
1.738741099834442139e-01
5.266648530960083008e-02
2.431419491767883301e-02
9.837135672569274902e-02
2.478304803371429443e-01
2.086246013641357422e-01
3.260223567485809326e-01
2.511196136474609375e-01
5.043581128120422363e-02
3.933072090148925781e-01
1.039650440216064453e-01
9.250584244728088379e-02
5.098360776901245117e-02
5.102887153625488281e-01
6.049767136573791504e-02
1.569826602935791016e-01
6.435278058052062988e-02
1.798493862152099609e-01
5.900079011917114258e-02
2.972521185874938965e-01
2.586371600627899170e-01
3.847023844718933105e-01
2.567005157470703125e-02
5.120369791984558105e-02
3.277588188648223877e-01
8.292415738105773926e-02
3.660574853420257568e-01
2.046925127506256104e-01
3.455000519752502441e-01
1.218700706958770752e-01
1.449787616729736328e-02
9.938091039657592773e-03
2.265402674674987793e-02
3.291664123535156250e-01
1.101819872856140137e-01
1.106733679771423340e-01
1.215003728866577148e-01
5.839824676513671875e-03
1.782854795455932617e-01
2.512658834457397461e-01
3.930760920047760010e-01
3.421694636344909668e-01
2.554593980312347412e-01
7.182931900024414062e-02
3.954800367355346680e-01
6.148207187652587891e-02
5.200943350791931152e-01
2.374562621116638184e-02
2.523344159126281738e-01
2.800486087799072266e-01
2.260968387126922607e-01
3.273742794990539551e-01
8.387252688407897949e-02
3.660574853420257568e-01
1.183030009269714355e-02
2.987537980079650879e-01
2.793585062026977539e-01
2.647907733917236328e-01
1.641687154769897461e-01
4.731449186801910400e-01
9.480509161949157715e-02
3.300249576568603516e-03
3.364475965499877930e-01
3.773285150527954102e-01
9.688156843185424805e-02
5.364652276039123535e-01
1.499081254005432129e-01
7.563710212707519531e-02
6.840741634368896484e-02
5.226725339889526367e-02
2.479786574840545654e-01
9.211155772209167480e-02
1.427508890628814697e-01
2.074846625328063965e-02
1.664198935031890869e-01
5.304220318794250488e-02
3.678191304206848145e-01
1.003934741020202637e-01
9.307348728179931641e-02
3.681161403656005859e-01
1.119124889373779297e-02
1.024996340274810791e-01
1.806944608688354492e-01
1.025616526603698730e-01
3.294348716735839844e-01
1.760172247886657715e-01
2.832211852073669434e-01
1.539359986782073975e-01
4.689630866050720215e-02
7.864534854888916016e-02
5.505142211914062500e-01
3.195166587829589844e-02
5.683180689811706543e-02
1.335203647613525391e-02
2.235391438007354736e-01
3.508567810058593750e-01
4.280498325824737549e-01
1.120561361312866211e-02
3.430587053298950195e-01
5.185246467590332031e-03
1.386284530162811279e-01
3.660574853420257568e-01
4.699426889419555664e-02
2.933609783649444580e-01
1.620645821094512939e-01
1.039417386054992676e-01
4.159407615661621094e-01
1.163003146648406982e-01
1.133880019187927246e-01
2.216149568557739258e-01
1.432169973850250244e-01
3.471451997756958008e-01
3.993743658065795898e-01
1.307813525199890137e-01
2.586060762405395508e-02
1.937161982059478760e-01
6.160777807235717773e-02
5.512846112251281738e-01
4.209172725677490234e-02
2.073104083538055420e-01
1.425952315330505371e-01
1.034638285636901855e-01
2.295002043247222900e-01
2.935549616813659668e-02
3.660574853420257568e-01
3.208594024181365967e-01
1.964252591133117676e-01
3.826337456703186035e-01
1.406253278255462646e-01
3.708005547523498535e-01
6.912913918495178223e-02
2.064603567123413086e-01
8.840823173522949219e-02
1.528252661228179932e-01
7.806333899497985840e-02
1.702734529972076416e-01
3.076598048210144043e-02
3.989541530609130859e-01
2.400871217250823975e-01
7.645052671432495117e-02
3.564872145652770996e-01
2.104757130146026611e-01
2.599204480648040771e-01
2.398519217967987061e-01
1.200898885726928711e-01
9.597349166870117188e-02
3.997102379798889160e-02
1.201006770133972168e-02
1.288411021232604980e-02
6.468459963798522949e-02
3.868917822837829590e-01
1.339248120784759521e-01
2.491264939308166504e-01
2.136096060276031494e-01
1.583337187767028809e-01
1.558790504932403564e-01
2.166181802749633789e-03
4.348874092102050781e-02
1.345219016075134277e-01
1.173317432403564453e-04
3.406072854995727539e-01
5.757391452789306641e-02
4.628881812095642090e-02
3.694105148315429688e-01
3.540521860122680664e-01
5.117058753967285156e-04
7.075715065002441406e-02
4.622605443000793457e-01
7.145398855209350586e-02
1.636523008346557617e-02
1.444809436798095703e-01
4.616039395332336426e-01
3.304331302642822266e-01
9.891390800476074219e-05
4.638880491256713867e-02
5.045342445373535156e-02
4.485875964164733887e-01
3.177235126495361328e-01
2.721637487411499023e-03
2.027356624603271484e-02
3.385864496231079102e-01
2.143347263336181641e-02
2.719279527664184570e-01
1.356109380722045898e-01
3.288404643535614014e-01
2.835760116577148438e-01
2.743460536003112793e-01
2.356562018394470215e-02
6.981849670410156250e-03
6.474896669387817383e-01
2.003541886806488037e-01
8.814385533332824707e-02
3.403487801551818848e-02
3.660574853420257568e-01
1.461594700813293457e-01
9.226912260055541992e-02
1.587215363979339600e-01
4.087246656417846680e-01
9.622567892074584961e-02
2.314157485961914062e-01
3.674150705337524414e-01
3.156597912311553955e-01
2.525350451469421387e-02
6.310239434242248535e-02
1.976865530014038086e-02
9.381562471389770508e-02
7.082545757293701172e-02
9.042105078697204590e-02
9.640753269195556641e-02
8.251824975013732910e-02
2.444371879100799561e-01
2.692191302776336670e-01
8.090606331825256348e-02
1.149442791938781738e-02
2.911216020584106445e-02
7.610684633255004883e-02
3.315269947052001953e-03
2.785469889640808105e-01
1.083153188228607178e-01
6.801578402519226074e-02
2.498000860214233398e-02
4.810386300086975098e-01
3.468077480792999268e-01
5.153796076774597168e-02
3.680213987827301025e-01
2.339944243431091309e-02
1.423948407173156738e-01
4.733741283416748047e-03
4.877513647079467773e-02
3.278708457946777344e-02
1.471880376338958740e-01
9.224176406860351562e-03
4.144281148910522461e-01
2.464118897914886475e-01
2.251274585723876953e-01
4.388916492462158203e-02
2.594695687294006348e-01
5.651924610137939453e-01
5.608767271041870117e-02
2.294605374336242676e-01
2.754431664943695068e-01
3.127703070640563965e-01
4.736342132091522217e-01
1.150498986244201660e-01
2.107853591442108154e-01
6.824678182601928711e-02
3.898945450782775879e-02
4.841008782386779785e-02
1.872459053993225098e-02
2.352565526962280273e-03
3.370845317840576172e-02
1.852490305900573730e-01
1.553446948528289795e-01
2.683786749839782715e-01
2.685180306434631348e-02
1.391673088073730469e-02
4.651933312416076660e-01
2.111293971538543701e-01
3.520066738128662109e-01
3.234983682632446289e-01
2.140614092350006104e-01
4.827171564102172852e-03
2.138628363609313965e-01
6.300628185272216797e-03
1.712709665298461914e-03
1.947400867938995361e-01
1.879237592220306396e-01
2.358196675777435303e-01
5.036729574203491211e-02
2.128551304340362549e-01
4.718604683876037598e-02
9.352299571037292480e-02
3.353193998336791992e-01
1.021517217159271240e-01
3.660574853420257568e-01
7.788553833961486816e-02
3.406191468238830566e-01
5.702328681945800781e-02
2.900254726409912109e-02
3.346625566482543945e-01
2.533226609230041504e-01
1.537817716598510742e-02
6.343367695808410645e-02
3.660574853420257568e-01
4.697114229202270508e-03
1.462834477424621582e-01
1.527544856071472168e-02
1.078819930553436279e-01
4.648890793323516846e-01
1.099601089954376221e-01
1.816153526306152344e-04
3.195146024227142334e-01
1.917021572589874268e-01
3.471525013446807861e-01
1.634048223495483398e-01
3.817331790924072266e-02
3.660574853420257568e-01
3.198379278182983398e-01
3.282871842384338379e-02
7.530421018600463867e-03
3.584802150726318359e-03
4.324293136596679688e-02
3.283283114433288574e-02
2.793595194816589355e-01
4.427838325500488281e-02
7.891009449958801270e-01
2.348654866218566895e-01
4.223603010177612305e-01
1.443896591663360596e-01
3.660574853420257568e-01
3.421089053153991699e-02
3.940739929676055908e-01
5.102419853210449219e-02
4.397740960121154785e-02
7.057106494903564453e-02
8.887293934822082520e-02
3.660574853420257568e-01
3.660574853420257568e-01
2.113849222660064697e-01
4.583582878112792969e-01
4.189683794975280762e-01
2.331160306930541992e-01
2.575263977050781250e-01
3.561061620712280273e-02
9.635373950004577637e-02
3.852619826793670654e-01
4.552155733108520508e-03
8.512084484100341797e-01
2.206434309482574463e-01
3.926388323307037354e-01
3.573651313781738281e-01
1.064387559890747070e-01
2.367180585861206055e-02
1.013831198215484619e-01
2.467492222785949707e-02
3.361877799034118652e-01
5.183491110801696777e-02
2.471118569374084473e-01
1.175859570503234863e-02
5.238637924194335938e-01
4.408173561096191406e-01
3.011808991432189941e-01
3.550358414649963379e-01
3.075341582298278809e-01
7.805240154266357422e-02
4.700702428817749023e-02
3.048141598701477051e-01
6.845590472221374512e-01
1.894712448120117188e-02
2.715605497360229492e-01
3.108536601066589355e-01
4.553010463714599609e-01
2.248820662498474121e-01
1.337592899799346924e-01
1.050842702388763428e-01
1.336470246315002441e-01
1.622569561004638672e-01
2.770218253135681152e-02
1.728808581829071045e-01
2.483671903610229492e-02
1.063528656959533691e-02
7.008954882621765137e-01
2.735393047332763672e-01
3.518627882003784180e-01
3.300756216049194336e-02
2.198239862918853760e-01
3.660574853420257568e-01
3.110533654689788818e-01
3.674916028976440430e-01
1.367517709732055664e-01
3.740670084953308105e-01
1.210987269878387451e-01
1.431925594806671143e-01
3.512906134128570557e-01
1.324695348739624023e-02
1.031368970870971680e-03
2.016303241252899170e-01
3.106740713119506836e-01
3.899387121200561523e-01
2.016752362251281738e-01
2.069503068923950195e-03
1.439144313335418701e-01
3.660574853420257568e-01
8.160576224327087402e-02
7.018426060676574707e-02
8.622136712074279785e-02
6.293100118637084961e-02
3.660574853420257568e-01
3.753888607025146484e-02
2.341514229774475098e-01
8.526152372360229492e-02
1.202521920204162598e-01
1.263183355331420898e-02
2.965316474437713623e-01
5.400789380073547363e-01
1.199564039707183838e-01
3.626370429992675781e-01
5.384352803230285645e-02
1.220146417617797852e-01
3.194514513015747070e-01
2.604389488697052002e-01
9.903907775878906250e-04
8.511325716972351074e-02
2.353938221931457520e-01
2.007099986076354980e-02
9.903520345687866211e-03
3.703469336032867432e-01
1.638253927230834961e-01
6.393343210220336914e-03
4.089037477970123291e-01
8.963931202888488770e-01
3.494229912757873535e-02
4.011052846908569336e-01
3.660574853420257568e-01
9.738096594810485840e-02
1.961201727390289307e-01
2.767866849899291992e-01
3.631057143211364746e-01
2.554719448089599609e-01
7.270407676696777344e-02
3.246790170669555664e-02
4.334902465343475342e-01
6.067967414855957031e-02
8.531272411346435547e-02
1.763210594654083252e-01
5.367237329483032227e-02
5.380240082740783691e-02
3.584059476852416992e-01
3.431589007377624512e-01
1.170778274536132812e-01
1.620109677314758301e-01
3.660574853420257568e-01
7.092949748039245605e-02
3.541785478591918945e-02
4.036995768547058105e-02
4.423268735408782959e-01
4.130181074142456055e-01
2.583101391792297363e-01
3.660574853420257568e-01
1.794464588165283203e-01
1.231276988983154297e-01
3.701405227184295654e-01
2.576978802680969238e-01
4.286600351333618164e-01
1.351343691349029541e-01
3.586286306381225586e-01
3.248527646064758301e-02
3.439670205116271973e-01
4.366110861301422119e-01
4.663810133934020996e-02
1.249139904975891113e-01
1.540327072143554688e-02
1.448882818222045898e-01
8.494979143142700195e-02
3.660574853420257568e-01
8.970710635185241699e-02
1.980380415916442871e-01
1.562200784683227539e-01
4.367396533489227295e-01
1.985749602317810059e-02
2.406402230262756348e-01
3.359897732734680176e-01
8.291289210319519043e-02
1.949396729469299316e-02
3.539488911628723145e-01
1.107809543609619141e-01
2.610424160957336426e-01
7.813605666160583496e-02
3.277706503868103027e-01
2.320461273193359375e-01
4.460234045982360840e-01
5.908617377281188965e-02
7.305637001991271973e-02
9.999897480010986328e-01
1.168667078018188477e-01
3.660574853420257568e-01
6.309211254119873047e-02
1.756803989410400391e-01
3.660574853420257568e-01
4.315563142299652100e-01
5.388331413269042969e-01
6.384560465812683105e-02
2.987692952156066895e-01
1.333094537258148193e-01
2.025750279426574707e-01
6.170135736465454102e-02
5.951207876205444336e-02
3.254709839820861816e-01
2.578455209732055664e-01
1.732837557792663574e-01
2.644700109958648682e-01
4.701790213584899902e-02
1.356118321418762207e-01
2.150908112525939941e-02
8.600777387619018555e-02
9.360468387603759766e-02
2.087421715259552002e-01
1.844658553600311279e-01
1.158984601497650146e-01
2.447094321250915527e-01
6.319895386695861816e-02
2.385360896587371826e-01
2.122323811054229736e-01
3.975157737731933594e-01
6.334245204925537109e-02
5.223903059959411621e-02
2.328938841819763184e-01
6.740236282348632812e-02
4.965761303901672363e-01
1.491580009460449219e-01
1.743757724761962891e-02
3.293412029743194580e-01
2.833040356636047363e-01
2.595081925392150879e-01
3.533295989036560059e-01
4.873731732368469238e-01
2.808268070220947266e-01
3.512911200523376465e-01
1.774781942367553711e-02
1.615738570690155029e-01
3.559017777442932129e-01
2.006653249263763428e-01
7.899978756904602051e-02
5.229863524436950684e-02
5.207160115242004395e-02
4.602375626564025879e-02
5.985655188560485840e-01
3.456398844718933105e-02
2.010995447635650635e-01
6.521835923194885254e-02
3.361576795578002930e-02
2.994380593299865723e-01
9.820238947868347168e-01
6.698277592658996582e-02
1.635823547840118408e-01
1.903720200061798096e-01
3.708794414997100830e-01
2.735853195190429688e-03
2.594679594039916992e-03
3.617295622825622559e-02
9.112758636474609375e-01
2.137863337993621826e-01
4.782892167568206787e-01
1.026988029479980469e-03
1.925955712795257568e-01
2.666700482368469238e-01
4.105862975120544434e-02
3.588831126689910889e-01
1.701661348342895508e-01
3.985036909580230713e-01
1.168524324893951416e-01
3.607141375541687012e-01
3.196608424186706543e-01
6.955903768539428711e-02
1.647459864616394043e-01
3.770541548728942871e-01
1.513952612876892090e-01
2.284573614597320557e-01
7.544460892677307129e-02
4.900777637958526611e-01
2.718267440795898438e-01
3.664766550064086914e-01
3.660574853420257568e-01
3.148611187934875488e-01
2.988046407699584961e-02
3.660574853420257568e-01
2.656158506870269775e-01
2.532607316970825195e-02
1.162272989749908447e-01
2.734469771385192871e-01
2.098596990108489990e-01
1.699824929237365723e-01
3.082337975502014160e-02
1.330662667751312256e-01
4.315376281738281250e-02
6.301069259643554688e-02
3.331022560596466064e-01
1.622393429279327393e-01
9.518504142761230469e-03
1.196359097957611084e-01
2.555927634239196777e-01
6.132030487060546875e-02
6.461817026138305664e-02
1.151678264141082764e-01
8.343705534934997559e-02
6.718561053276062012e-02
2.884297370910644531e-01
2.451379597187042236e-01
2.579905390739440918e-01
9.359300136566162109e-03
1.129256486892700195e-01
2.924016118049621582e-01
1.903675198554992676e-01
3.900057077407836914e-02
3.578637838363647461e-01
3.599522411823272705e-01
3.660574853420257568e-01
1.200495660305023193e-01
1.241537630558013916e-01
1.684051752090454102e-02
3.149910867214202881e-01
1.024323105812072754e-01
4.428297281265258789e-02
1.919222474098205566e-01
1.133819520473480225e-01
5.094361305236816406e-02
3.184660971164703369e-01
4.249373078346252441e-02
4.141844511032104492e-01
2.377905547618865967e-01
3.660574853420257568e-01
3.660574853420257568e-01
5.365487933158874512e-02
6.863203644752502441e-02
1.475984156131744385e-01
3.181092143058776855e-01
1.743173897266387939e-01
4.665947258472442627e-01
3.820415735244750977e-01
2.757574915885925293e-01
2.357522547245025635e-01
1.469402611255645752e-01
2.465095818042755127e-01
2.239334285259246826e-01
2.732941508293151855e-02
1.058336198329925537e-01
6.366196274757385254e-02
7.193586230278015137e-02
3.366383910179138184e-02
4.138323366641998291e-01
1.254324615001678467e-01
1.987824141979217529e-01
4.084528684616088867e-01
3.660574853420257568e-01
5.003437399864196777e-01
5.334708094596862793e-02
6.364557147026062012e-02
4.738512635231018066e-02
3.212258219718933105e-02
1.820570230484008789e-02
2.633585929870605469e-01
1.985631287097930908e-01
3.059414029121398926e-01
1.531675159931182861e-01
4.373695850372314453e-01
7.529076933860778809e-02
1.892247796058654785e-01
3.813208937644958496e-01
6.993532180786132812e-02
1.187923550605773926e-02
9.561645984649658203e-02
1.227617263793945312e-03
1.315863132476806641e-01
2.773058414459228516e-02
7.949548959732055664e-02
4.850938916206359863e-02
2.925073504447937012e-01
1.922303438186645508e-02
1.993543803691864014e-01
2.368617057800292969e-02
4.958852529525756836e-01
8.848130702972412109e-03
1.959972679615020752e-01
1.680314838886260986e-01
2.860801219940185547e-01
2.350446879863739014e-01
3.586284220218658447e-01
4.532006382942199707e-02
1.438393592834472656e-01
1.661415100097656250e-01
1.407150030136108398e-01
4.231747984886169434e-02
8.110597729682922363e-02
3.035981655120849609e-01
7.727843523025512695e-02
2.486877143383026123e-01
5.022203922271728516e-02
1.422989368438720703e-02
3.491294384002685547e-02
3.342978358268737793e-01
1.829381287097930908e-01
1.967971026897430420e-01
1.727860867977142334e-01
3.472473025321960449e-01
2.911317348480224609e-01
2.535611391067504883e-03
1.482652425765991211e-01
4.302763938903808594e-02
2.197676897048950195e-02
1.066557765007019043e-01
2.779409289360046387e-02
3.660574853420257568e-01
1.992040872573852539e-02
1.164279282093048096e-01
1.093051135540008545e-01
2.817912399768829346e-01
8.021411299705505371e-02
2.979224026203155518e-01
3.660574853420257568e-01
2.448159456253051758e-02
6.741272807121276855e-01
4.899455308914184570e-01
5.028837919235229492e-02
8.507111668586730957e-02
1.275325417518615723e-01
1.531383395195007324e-01
1.311063673347234726e-02
