8.454090525102489484e-02
2.213175707844507178e-01
4.075776195548080211e-02
1.502741019963034193e-03
2.213175707844507178e-01
1.600401863472112329e-01
3.781458651568330165e-01
1.251082659170309475e-01
7.602410901084419304e-02
2.241622811869248832e-01
2.213175707844507178e-01
9.982395418080822758e-01
6.316330976785780593e-02
1.974322006097750919e-03
3.975782317785166164e-02
1.381730973308950214e-03
2.350841764793966046e-02
7.259904919542784114e-03
2.213175707844507178e-01
2.922908580866741615e-02
1.615112732680530627e-02
8.710905969178460717e-01
5.814568281699946523e-02
9.364596956203706801e-01
3.667742966922127312e-02
1.797400039738795696e-01
3.491121699138398891e-03
2.337708232939136599e-01
3.023659212129924806e-02
3.259202573166896100e-01
4.079908611894501602e-01
1.230408288587595857e-02
9.824249886747992919e-03
4.322357542703650357e-02
9.139597091136626439e-01
3.124406010326865810e-03
5.926614640471687158e-03
3.945245119157837071e-02
8.327887410030221371e-02
1.211542743710938841e-01
9.999997600760248684e-01
4.828830446283668976e-01
1.203761559284252484e-02
7.681007031280112640e-01
3.104696730413524230e-01
2.992965318401570943e-02
1.072344792508587580e-01
7.419757352235040182e-01
8.102116790868796325e-02
1.126766108098937874e-01
1.043927425686793781e-01
1.939777645035503650e-01
3.010193777445943977e-03
2.213175707844507178e-01
7.576323361409597057e-01
2.024582877572785045e-02
9.352585271469718853e-01
8.452755319389030353e-01
2.818830358994889318e-01
1.647232479082697820e-01
1.951312722922083076e-01
1.274696556302130357e-01
5.403021798876443682e-02
8.050085488556716351e-01
6.387657906468270641e-02
4.585842455942912288e-01
2.917955500423071169e-01
5.320836124259641087e-02
8.981908131938827200e-01
2.841575994738568690e-03
1.979215632456659546e-01
2.345237145660332336e-03
4.097098819026952221e-02
7.392107091267629930e-03
1.178581407769898337e-01
2.591467004913068917e-01
1.434002080923297943e-02
1.202105995801400484e-01
2.667251778016896738e-02
1.740853486735441658e-01
3.154092332094036721e-01
1.717112110660849733e-01
4.437954037833006793e-01
3.564131137225690082e-02
5.388664103892937957e-02
7.676230918599535012e-04
2.043023095404705169e-01
1.544559242178823177e-01
1.587653800860215625e-01
8.815476399372791372e-01
4.690277746897443811e-01
7.647416733773962361e-03
2.412797529473768854e-02
9.886460292483225665e-01
9.864183304819262865e-01
2.189510207750713089e-01
1.585021423050979594e-01
1.279454608659397544e-02
1.832037705061807450e-03
1.168072467765793598e-01
2.005192270725692991e-02
1.966641264110965265e-02
4.907994937571363153e-02
9.939297191273986920e-01
5.264891935353160912e-02
4.194240230056072577e-02
8.736849570799225251e-02
9.371663336649663570e-03
1.470126262494255154e-01
9.989357561249909701e-01
6.234373013155182497e-02
2.351942682446882607e-02
2.902505999494223721e-01
4.203673808239647564e-02
3.017905966831013059e-02
4.437114912341801054e-02
2.073801438678267331e-04
3.162319705376527568e-02
1.125864184299763676e-01
6.006588172150076517e-03
2.213175707844507178e-01
8.521673575553296853e-01
2.598262515353479997e-04
3.936738232652848279e-01
3.482260222822330248e-02
5.621239584389799981e-01
3.759195640916725839e-02
4.322433477230021651e-03
3.793401387982718864e-01
4.451524585649142135e-03
9.006024821055582663e-01
5.482088171213914986e-03
5.229199810925975189e-01
1.366590689716101203e-01
1.775626542843098954e-01
2.344775572151138465e-01
1.092819508240931159e-01
1.845782434719003828e-01
1.360673887738967358e-01
5.951725168551104395e-02
4.541583093917814784e-01
3.700302725547195970e-01
2.213175707844507178e-01
8.686980073941449887e-02
1.804018606921548307e-01
7.029919375730551145e-01
3.992479535511718469e-02
2.393019803444538032e-02
2.346430305763099466e-01
3.254684103195733952e-02
1.990702599458373141e-03
4.867366023185614593e-03
4.731952811373832946e-01
7.194983541924905301e-01
4.571424798690026242e-02
8.355766962012978541e-03
2.213175707844507178e-01
9.745269066636120803e-01
8.030539563209686260e-02
5.829969556530718855e-02
4.809483418849062192e-02
9.802695761696276211e-01
1.109346467583520457e-02
9.064861539971167392e-01
2.758032116554135285e-02
4.540205260903244083e-02
3.749897254161335073e-03
9.905904712279260671e-02
1.338291266656292666e-01
2.101301077488900160e-01
1.067164631088608762e-01
4.406030087575030924e-02
6.213233339549889545e-01
1.712324141696271174e-02
3.244192484940961463e-01
3.870110560703289310e-03
8.952356477442388050e-01
1.037239278457073172e-01
9.797107237639361976e-01
2.985057167875675328e-03
6.399067355874202973e-03
2.489706349286790465e-01
2.213175707844507178e-01
1.301322042262119116e-01
1.473326673597813996e-01
9.986166563616819536e-01
4.522739406404261385e-03
4.211520123071789412e-02
2.868897550510360675e-02
1.505468650471609776e-03
3.351667654536530892e-03
2.068638495237977992e-01
4.052037323075059483e-01
1.861979542383063744e-03
2.132560214364072684e-02
3.621851244786455232e-02
6.075309548290647871e-02
7.011928804870326548e-02
2.892913174478314517e-02
2.234505727912678916e-02
6.187687810516492165e-02
2.921146885005449639e-02
1.141475956243608453e-01
1.705284901602660899e-02
2.827507580239568274e-01
3.635726460160032536e-02
3.962365082732983712e-01
1.290677881597448451e-01
1.241982900378390403e-02
1.017960325635990006e-03
9.943933565498183080e-01
5.061783302348807911e-01
1.999629373799516330e-01
1.252875658194948505e-01
6.317245064778475097e-03
6.056913258191536087e-02
7.973988242098911661e-01
4.569844951476472600e-02
7.596414468761817362e-01
3.428624636217810981e-03
2.340198701617263871e-02
5.946320637868361680e-02
2.092309683324529782e-02
1.279899396547016501e-03
2.213175707844507178e-01
2.557192929717285942e-02
2.889071181825654186e-02
2.380729844417778240e-02
5.725756843900879113e-03
5.260440381260322873e-01
8.571946108339938142e-02
2.382028200876599167e-01
5.460396822351434865e-02
2.520830760608780974e-01
4.083098007156704679e-01
1.336376617317844850e-01
3.708214664301080765e-03
7.008944577282871270e-03
3.453849299825086927e-01
1.402855577682649013e-01
5.977660603675249984e-02
5.741274943519145829e-02
9.775113137857546208e-01
3.122544443381340858e-04
9.777018616870313261e-01
8.548962150124758685e-02
6.552747497702499091e-01
8.855217746920964611e-03
2.140586560516920256e-02
2.025392415966458526e-01
2.213175707844507178e-01
3.158858858839996842e-01
9.809049445849505888e-01
2.221221098424726315e-02
2.527705364146053818e-02
1.955992001041772232e-01
1.650001609808998959e-01
9.871025839573808192e-01
3.933800128234712229e-02
9.653352403921013417e-03
9.985317283825566603e-01
2.896772631061548253e-01
2.273057692414475611e-02
1.739629529852393386e-01
1.403684359802606640e-01
8.686549194935114238e-02
1.019283329144742151e-01
7.967234711904414013e-03
2.002945935593271332e-01
6.068594211361897674e-03
9.412000425138020154e-02
1.234993459691244716e-01
3.960261318333265224e-01
1.574353526431749792e-02
1.215566975811711165e-01
1.027515963154250755e-01
9.739794017668751414e-03
1.813791081332002120e-01
2.828435467670662243e-02
5.403820199846940536e-02
8.313730002963540811e-01
5.097671833144910153e-02
1.473565302699089523e-02
2.785274812600421757e-01
4.113200110370644758e-02
3.888785143254765986e-01
3.714473275777432915e-01
5.985453654059990081e-01
2.157728911477080347e-01
1.956403547927865194e-03
1.954498910732415107e-01
2.666831326667425811e-02
4.533734964268074097e-01
9.590137588455519002e-03
7.334201159916658996e-01
5.636109103740590161e-03
8.395515593713102909e-02
6.633807267336932351e-03
4.015302827007351597e-03
1.340026703842933480e-02
9.998587810606732740e-01
1.555428606914441014e-01
7.456723855780864052e-02
2.658793488111415027e-01
3.929109506079955794e-01
2.095916791662201517e-02
7.402251570085414956e-02
8.325659698843518308e-02
2.169741562120497055e-02
8.773529911801112441e-03
2.213175707844507178e-01
4.230800017829094983e-01
6.209620105169653265e-03
7.449824663369310207e-02
1.233703905820122439e-02
4.692317631416195040e-02
9.277015604765549428e-01
6.510796924615598613e-02
2.676970991781931208e-01
5.306524385251182307e-02
5.465506417857876609e-02
6.346276210968902591e-03
9.553418879862706214e-01
2.887620205492982903e-04
9.404718609499839177e-01
2.119607890667102867e-01
5.508571045329409277e-02
1.052714480458244450e-01
9.998506364498479515e-01
1.312002012920371885e-01
5.875354128649270397e-02
2.458444072830972063e-02
1.742889894535040451e-01
4.351256169536995566e-01
5.627758227639319266e-02
5.886814396161878932e-02
9.383693688912602138e-01
4.844293143422304104e-01
2.996547360753522293e-02
2.056932822456143672e-02
8.991179080102933430e-01
1.736218129750236872e-01
8.444057965983785552e-01
4.704681648015327650e-03
9.415747654411323053e-02
6.684864106629597735e-01
2.121240256609296937e-02
8.869074730418702313e-01
8.466597975211001548e-02
5.906229787834411660e-01
9.999844295210102985e-01
9.316182535284766031e-01
2.213175707844507178e-01
5.179111338701504197e-01
1.772237867940255063e-01
4.930173589284972402e-02
9.600473954488393247e-01
7.154465774980780547e-03
3.749459591672572173e-02
1.621624134103677103e-02
9.996823299204791180e-01
4.375037077317486811e-02
1.648598404873490575e-01
1.527674562958268416e-02
9.993462663869433493e-01
4.204362000513120479e-02
8.601115900372534595e-01
5.337784994841575648e-01
9.838603928285819759e-04
9.991132985494196594e-01
4.919984436805815292e-02
4.774158640945487253e-01
2.177266027956666419e-02
1.355384691301396993e-01
1.956808930140307157e-01
3.083223604586887712e-02
7.137241365423823911e-03
9.995725131922426066e-01
9.979386624095736291e-01
8.257639632274661468e-01
1.007164634265791114e-01
1.344843486126529736e-02
9.987320359040752216e-01
1.317217723848153887e-01
3.661021401389437380e-02
1.128524188846193876e-01
2.640310212386309460e-02
1.139927757825241333e-01
2.459683046031424600e-03
7.991653965454171837e-01
7.038749218045676770e-01
1.084198434238803493e-01
2.416839543229938048e-01
4.756356485848611815e-01
1.309038285902755332e-02
1.460049041773869571e-01
1.088351562935525596e-01
2.451553705159925378e-01
1.118371947365156237e-02
6.767415070936275701e-01
1.220553650837497700e-01
1.371347184975554509e-02
1.452304225177245521e-02
9.805984375292635669e-01
1.887602033451764942e-05
1.484929449473283876e-02
7.575243095463882192e-02
1.155468725499890492e-01
1.015578791066055198e-01
7.521752662715978921e-02
3.433585742618327358e-02
2.066546942413978113e-02
1.361425422342600056e-01
7.019087409510654796e-02
1.028418542160487725e-01
1.116091340560588889e-02
9.719526342306906708e-01
1.408529437665529543e-02
3.001214345152026786e-01
6.008149805076984200e-03
1.207046813404507313e-01
2.145015681900684298e-02
9.496215033085683710e-02
1.556942078836256460e-01
8.655772547022526353e-02
9.754515001460744017e-01
8.746312389884343119e-01
2.213175707844507178e-01
2.806626969589426368e-02
6.829432715987458768e-02
3.128106199845657326e-02
1.080186562926355176e-02
9.982021487151971906e-01
3.009998869227831480e-03
2.591443876247124384e-02
1.829876394197230693e-01
1.450906203708618447e-01
9.522001821244451270e-01
9.252669526126171273e-02
4.930350823909376845e-01
2.243420682515727405e-02
5.625360541470745407e-02
7.841966647862842754e-02
1.645937137089848032e-03
4.015353305941533057e-01
8.216547011347327678e-02
9.717837083637759221e-02
8.962362252226348247e-02
1.921802380194231538e-02
4.373927584656238376e-02
5.535707436187184971e-01
1.683017263511799588e-01
6.202134045952935673e-03
4.236832350939368635e-02
2.480174547019144971e-01
1.816243352088587060e-01
5.200809111754572944e-01
2.801445710615063645e-01
1.404625342185064074e-01
1.567332728897231214e-02
4.250951391821286007e-01
3.574079891989873081e-02
9.953757344149591901e-01
1.801572266590845302e-03
2.138722279895072242e-01
4.984587375154461708e-02
1.336682330877132507e-01
2.345462752568829856e-01
9.599596192757309243e-02
1.232296788271124571e-01
9.847543664545229669e-01
3.070815978533139590e-02
2.114407486408143577e-01
4.022391121309287776e-02
4.638406089108556424e-02
9.023020927540723601e-01
4.762998844167724150e-02
3.975566670866889640e-02
9.991467565883122015e-01
2.103899557083036553e-01
2.017323487302719737e-02
1.285064534806768521e-01
1.179702800400096452e-01
1.268126935758757002e-03
2.277087231244603605e-01
2.406433119034093182e-02
5.453121488901087376e-04
5.549288159979968819e-03
3.799309194696530337e-04
3.724752248324850190e-02
2.198290971140113778e-02
1.206691044852808564e-01
3.100977963078199642e-03
3.287008741749460148e-03
1.215461263889063420e-01
2.516961916510539882e-02
6.352781877917504372e-03
8.112056945719657575e-02
5.529491861900130006e-02
9.788355102707767541e-01
2.304896520787759473e-01
2.213175707844507178e-01
9.996458314003967560e-01
1.088451920953204533e-01
1.794502381416122200e-02
7.340023093773223768e-03
1.355816521441548760e-02
2.717802002292780961e-02
3.137044331422972898e-01
2.352501762108979433e-01
3.630210391555973581e-01
7.090680264065910010e-02
2.934833724412240774e-01
1.201746380037123918e-01
1.475287932357836340e-01
2.106770910394227536e-01
5.205337405688657826e-02
1.098737706393020375e-01
4.855535098514721093e-02
8.711689976722134521e-01
8.318722442985156951e-01
1.358352704275413853e-02
1.781321273382250603e-01
5.782712339446745287e-02
6.123118088975346707e-01
2.060059968253491469e-01
4.342534313351904540e-01
9.979521480669198974e-01
9.363302237915165360e-01
3.343050324430375114e-02
3.071515370910830045e-01
1.336060310463929243e-02
1.386669723835842402e-02
9.226083188884971475e-01
7.510111294633369239e-01
1.108068310989410721e-01
7.252275111268884356e-01
7.825447309060568069e-03
2.987375296241031285e-03
7.276271359870778443e-02
3.101512649968785756e-02
6.700091586476461525e-02
4.899002058095241682e-03
7.963799992110405686e-04
3.637735155636396267e-01
1.264307422855135143e-01
8.957384439082425320e-01
4.456656474792128602e-04
2.335586325669872509e-01
1.618457851599959876e-02
9.913696060950519251e-02
9.827301713891858914e-02
1.119391142847065562e-01
6.357094255826058887e-03
2.213175707844507178e-01
9.945948106537243483e-01
4.891491293569032173e-02
1.027256525088351621e-02
5.360458900419612371e-03
1.618522535569829057e-01
1.817473963973371132e-01
1.415620073336820717e-01
1.915026204959613398e-02
1.413049227930690543e-01
5.004127720969622252e-03
1.062937883045841003e-03
6.703478297096984173e-01
1.280433448001324324e-02
2.308384757036906765e-01
1.354996244366544755e-01
2.888665354986808542e-01
7.542093254233836822e-03
3.918655590317968868e-02
2.319973603523491426e-02
2.345420160317649994e-01
1.586358814520632101e-03
1.950704654740685884e-01
2.213175707844507178e-01
1.306533272206548101e-02
3.934663959118289700e-02
5.438852918574783868e-02
4.409147071979739423e-03
8.956832963744731230e-03
1.449016325827051088e-01
5.733301867737333919e-03
4.284893673946560400e-01
3.952591713638215626e-02
3.181493885101063790e-02
6.887820399996952281e-02
2.929126287450340982e-01
1.719665953773341638e-01
5.321959080039714157e-02
8.461332798156808721e-01
1.179417416700918181e-01
4.057232051826336477e-02
7.927524830282603463e-02
6.266637841866885827e-02
1.973989622331705773e-01
8.208958723963535528e-03
3.341435488796693498e-01
1.233722076696490144e-01
1.840066886989615846e-01
3.110485544966469229e-01
1.610518029876256418e-01
4.533802591044931024e-02
4.923240973776643603e-02
7.378580544038442213e-01
4.601104951761026962e-01
3.709959006225111988e-01
5.550611499622574996e-02
2.149958740623896317e-02
2.581508944784408413e-02
9.411275906208299569e-02
9.999846585886761341e-01
2.746158304831093980e-02
7.972899461670493459e-02
1.700526942757901033e-02
2.110889849962928888e-01
4.145927530243692649e-02
3.328778580054116143e-02
1.775324324215369481e-02
9.827913672192692962e-01
1.086522657680877649e-02
1.221815021425453132e-02
1.219657956052916797e-01
9.947924622892760915e-01
1.947000778873687055e-01
1.332902335013954123e-02
2.207851717708967515e-02
1.325986989696647245e-01
9.855939133097406657e-01
8.790227134302014411e-02
1.588699070785973833e-01
2.374318699170249181e-01
3.437905909915724145e-03
2.710560162902442716e-03
6.503361452045901270e-02
7.231149019765358288e-01
4.386819426230499815e-03
5.512386515923487634e-02
7.840956203779799946e-03
5.779563747636203841e-01
1.531025213757793157e-01
1.755272393667498265e-01
7.944108585821488266e-02
2.544063350214535446e-01
1.368312651270159608e-01
9.887410778267829992e-01
8.775065283181621156e-01
5.134666379588327390e-01
2.519036977185371562e-01
8.460498984334011707e-01
7.314063950426309690e-03
6.211261483546611645e-02
2.073699266307834632e-01
1.398899489842004781e-02
7.634136909697466361e-03
1.670595165777621349e-01
2.355001771612823952e-02
1.313400011254501343e-01
1.593649333549249092e-02
3.787232564842049620e-02
6.435830071714648826e-02
4.746978471928796177e-03
3.081202549079976039e-01
8.216641571037784919e-01
9.282020375656979683e-01
5.489499041438453686e-01
4.457085832436565864e-01
1.753520858251498005e-01
5.375432971029729147e-03
2.213175707844507178e-01
3.123810001371599750e-03
1.205447043714792249e-01
2.626273639882609548e-02
1.600977789046170371e-02
1.997301976398580814e-01
3.827317065740884483e-02
9.898737145504202806e-01
1.350727945781763917e-01
1.248227932460486828e-01
2.712582700849284212e-01
8.052680341379522266e-01
4.798378501062459944e-02
9.462144025638561384e-01
1.174372132540875968e-01
4.725546372098445719e-02
3.961509255873180146e-02
5.454860192567770882e-01
3.685287689811080850e-03
9.953732430249294660e-01
2.174364168163835445e-02
5.865944427649233406e-03
3.527634540149005710e-02
1.177546807411470053e-01
9.999822977596373175e-01
2.143897520784826261e-01
1.684673369298944623e-01
4.354527749828730754e-02
9.621601056158554099e-01
7.847413647604974118e-02
4.384628132204264339e-02
1.715847535662302654e-03
2.541401755789491346e-01
1.015325284598918160e-01
7.585252357478010354e-02
1.451433700531287556e-02
2.128056917438931467e-02
8.085213965226394350e-01
1.063647347849243537e-02
5.814827312783978908e-01
1.158189845341946623e-03
1.769545731699808389e-01
4.868591403482347424e-01
1.805376377903442631e-01
8.102583717441733668e-01
7.955083166330239458e-03
8.007765262398414130e-01
2.177206337525063040e-02
4.475844555893151999e-01
3.144490085366908466e-02
3.504360656696020593e-01
4.365100389641867196e-01
5.138251064427753340e-02
1.687754793336573578e-01
1.911270491612277259e-02
1.728235641559168756e-01
2.806537613250059682e-01
8.770604834132438021e-03
4.206854528356706799e-03
1.365385284433560248e-02
9.998934332834048533e-01
2.117769885685985218e-02
7.715419669518980457e-03
2.256763073516308837e-01
1.026862460579516106e-01
1.158473826328933892e-02
1.594681931428584137e-02
9.973206771178232399e-01
2.213175707844507178e-01
9.127394413164290066e-02
1.885011856312786005e-01
6.147188154059792797e-01
3.285760551962254583e-01
1.078801002783075919e-01
6.661730532063922516e-02
3.008614078089750787e-01
1.437032347217330752e-01
4.349098390737768556e-03
5.483577336146692183e-01
8.724871504109993695e-03
5.760081867541068726e-03
3.286814076320484501e-01
6.190661850979537612e-02
6.506653680345707291e-02
9.681379009627032461e-01
9.380822331910312895e-02
1.218367019731312340e-01
2.199349688740009079e-01
1.067430541179282232e-02
3.250428552363788803e-01
2.393897140457164896e-01
3.694472782818538498e-02
6.289601103705072527e-01
3.544684945195705206e-01
1.177878983494122095e-01
6.833960939105721000e-01
1.465193233878644280e-02
3.349928363479147408e-02
1.022977774378422550e-01
2.213175707844507178e-01
2.381054528697372497e-01
7.101127474173363208e-02
4.746313123118714450e-02
5.706397731309768157e-02
1.063067593654136445e-01
6.309558942975665441e-02
2.481802797948268746e-01
1.010547775065310100e-01
2.873136402175113790e-02
4.389698245872865612e-01
6.607079924039234164e-01
9.877029868437297022e-01
1.015268340319190887e-01
9.999228503736572460e-01
3.188677334836580446e-01
7.804951923455483165e-02
9.383613272599783395e-01
7.302388278892854023e-01
1.434629672559752100e-02
5.848616250310068737e-02
3.882765109262465569e-02
6.669605830102478539e-01
1.601350172061091065e-02
2.025462851653775723e-02
1.437792037607870353e-02
1.463537563851985586e-02
1.183986333458646178e-02
3.743897458575136394e-02
4.667251078441789214e-02
5.704618850293333848e-02
9.632892037579088296e-02
9.549095885235512338e-01
1.220767194220969548e-01
3.337378232561318825e-01
8.902697329957649508e-01
9.522301016741883950e-02
1.207563662574807559e-02
1.830258352484234463e-01
9.908804095865586525e-01
1.721720533723654703e-02
2.232224694158158398e-02
7.062883438667391309e-03
8.571418226800937568e-01
7.454194797379744275e-02
8.556289331807613585e-02
1.246528785861421816e-02
9.055878631351425845e-02
1.592030641236960239e-02
1.815473537999115206e-01
2.433970263364953202e-01
2.728062687370911288e-01
6.315958183129993797e-01
1.260972009030078556e-02
5.697314859400552656e-03
9.999180330547812190e-01
2.887548749889023991e-01
4.738757270418570561e-02
2.213175707844507178e-01
8.599019662346745196e-01
1.026404849195922397e-01
9.578580361794398756e-01
1.090722717004342784e-01
4.456821867363565115e-01
2.405845607307964887e-02
7.102661233786143787e-03
9.485561539398632558e-01
2.942565688853687050e-03
3.016838381475475325e-02
6.524783234316415825e-01
9.978650646429052529e-01
5.593375909421189479e-02
3.068213119024450902e-02
4.618340461743442732e-02
1.031503375275000384e-01
7.525610640586124500e-01
1.586183370150198594e-03
3.895624180372109224e-02
6.832049911058753200e-02
9.293293724559203994e-01
9.374453785083002311e-01
9.499556281266584579e-01
2.952680173049736512e-01
1.881583234645945457e-01
1.768212485045811133e-01
9.198763730549411322e-03
6.151928921355651614e-01
7.051289947888034204e-01
2.716915710012195173e-02
1.853657255597135622e-01
4.132204163998220992e-01
6.350194656388983942e-03
2.360257077073478760e-01
1.215917550507507605e-01
6.071703068296536721e-01
6.040365875576405447e-02
6.116445247800700313e-01
1.114806960367091954e-01
6.189262155618346917e-02
2.213175707844507178e-01
3.243551121995470049e-03
1.187322138933321475e-01
1.710952880341373161e-01
1.164424595320173034e-01
4.199910713645370608e-01
9.856605752456187863e-02
3.627788289107042874e-01
2.015669502993155601e-02
6.113022874929836120e-03
9.926126771869338006e-01
1.374945835379709769e-01
9.991788376805681438e-01
2.031912063023727510e-01
5.500479156162038086e-01
2.888890627972105427e-02
6.575625738571780898e-01
1.017200483509985015e-01
4.232433131793358894e-02
4.003557448298730032e-02
9.810169427112882048e-03
6.725530287944889163e-02
2.751884410391136279e-02
7.132705860516933005e-02
4.064743056734190264e-03
9.442674642963828913e-02
3.123324620579823532e-02
2.757285992625189697e-01
2.821211878174999244e-02
7.274240030330446014e-03
3.247886257510390617e-01
3.324533641650217943e-03
6.787081115192704697e-03
2.525878441958060924e-02
5.375286751506411914e-02
3.339172225294666924e-02
1.108150442330166213e-01
2.535002660893660442e-01
6.243090190651667815e-02
9.995261775191146558e-01
1.825443581371634372e-02
3.610131462122741913e-02
5.272483462160978407e-01
3.384717491075730361e-02
7.196221055062055651e-03
2.205833472279657582e-03
7.686167915609544432e-02
2.042760139439500078e-01
4.900940037832277052e-01
9.509408303075575497e-03
3.732478116398579293e-01
8.174291501053675309e-04
2.739555147467321872e-01
2.213175707844507178e-01
1.919136321864481354e-02
2.499794558432251804e-02
3.341812793116510222e-02
1.185063216802765829e-01
2.174603649808486971e-01
2.250575828845473303e-02
9.997872095132573911e-01
3.617977209530347932e-02
5.911890470326781194e-02
1.208020902685230658e-01
1.873808003239275932e-01
4.322271684727185814e-01
3.482454111442443989e-01
9.754840285935633126e-01
1.657065022265724608e-01
8.996162857653947076e-02
1.806165980291070394e-01
3.819410019134812737e-03
1.346680610447631987e-01
7.472930915324840252e-03
4.828966377610524052e-01
1.738058934678417267e-02
2.840573425237948313e-01
4.580704994422793441e-02
1.111244141048281370e-01
3.478225063842237952e-01
3.689368391618470452e-03
2.213175707844507178e-01
3.490557373575293165e-01
2.886858418589158815e-01
3.429987764584155330e-01
6.559792478471264399e-02
2.108191304440517333e-01
3.933517902844946290e-02
1.912996448554485363e-01
2.902122305924948603e-02
6.343449621417521223e-02
2.645975265612366956e-01
2.610310387924391282e-02
1.873475388119464069e-01
2.833064383768835529e-02
2.591139475145582405e-01
4.142390865623814533e-01
1.889497907152597467e-01
8.320688540153123314e-02
1.438259419492564535e-02
2.082051375210197397e-01
3.603093897373728371e-02
1.262572968464812373e-01
1.103875663078181385e-01
9.108753470720115653e-02
6.497829140654244329e-01
1.012604815009232606e-01
3.074606147878216310e-03
6.362642431953301203e-03
2.774714215978800122e-03
9.332720714014976215e-02
1.822222096925124601e-01
3.859851361325675884e-02
1.190467222211450127e-01
9.974555208459690014e-01
7.194378060675591380e-01
1.103560066097058895e-01
3.703521298776318166e-02
3.539298867476645127e-02
8.943684744355703516e-04
1.072364387363858480e-02
3.464866707452787103e-02
9.288684279825272228e-01
4.600481671583758699e-05
2.153022794326407419e-01
1.355917275393657417e-01
5.135558821624498504e-01
4.100130902824217910e-02
6.472367155276111117e-03
9.962195496255235039e-01
2.404297206224948469e-01
9.956626906185389592e-01
1.809892822318679984e-01
1.360316435059673703e-04
9.991678806988021355e-01
1.514058354373470569e-02
4.113913880214962182e-01
1.987721315677404982e-02
9.949568174611658211e-01
1.764438681264766289e-03
9.031518189971116106e-01
1.889032862964185044e-01
8.396912237611081631e-02
6.777908089297252081e-01
3.221656653851869279e-01
1.501368002145296032e-01
2.520309876735634161e-04
3.756637877205097360e-03
3.384790764811253239e-02
9.066131528913864424e-01
2.500286381398204583e-01
1.016802637178658569e-01
1.030562933636858768e-02
4.015351449297444204e-03
1.453088810501000361e-01
1.183904820943488256e-01
2.245266699084646003e-02
3.568453742614791646e-01
3.221099891086590117e-01
7.981346835115800398e-02
7.402463936423364643e-02
1.234755165012512285e-01
1.073978038297875304e-01
9.755430773641127207e-02
9.670009875825330906e-04
1.620955608115493387e-03
9.053688682854197367e-01
8.374727694250126697e-02
2.881825481064352601e-02
9.877507618766701719e-03
6.461705181779471285e-01
3.609807413103081064e-01
2.213175707844507178e-01
6.610314673067244073e-02
2.824075309684814794e-01
4.408425110877570163e-02
1.776130848137661561e-02
8.685898306938439895e-01
5.246050261335721658e-03
9.788530586919678977e-02
9.955125230831345373e-01
8.718171020739517996e-01
2.389891440925513422e-01
4.781023262935561458e-01
3.989682737927305670e-03
6.334918002389885311e-03
5.359609172666904633e-03
1.559536811472481480e-02
9.052900883150093447e-01
2.713011341685433661e-02
4.722237608150646193e-01
3.865308578837138576e-02
8.234662945605074613e-01
3.945654908808525659e-03
4.133598399666556927e-02
7.110939496643532420e-01
2.397883975429907777e-01
8.321931225932571730e-02
5.257359728102887347e-02
1.533727088688502035e-02
1.539806273624622947e-02
1.029890235405988425e-02
9.917171128556653836e-04
6.396199274354248676e-02
3.964301261792833181e-02
1.772910018168796092e-02
4.019370404416387071e-03
6.851863185478495044e-01
5.576187701537169694e-01
1.973744204001026126e-01
5.875498747172992579e-03
7.113364775807784479e-01
8.445727949155439340e-01
2.393241617579629499e-01
9.571525998304574179e-01
1.402413168763950481e-02
1.265452063655579142e-02
1.038581285370208593e-03
4.923266808546397644e-02
7.729438526231457648e-03
8.409350292208313260e-02
6.575048919415429349e-01
6.921655622455571977e-04
4.633768942505412936e-01
8.317541646696116620e-02
1.374187697610705118e-02
1.326551672040421348e-02
4.980476374945783796e-02
8.703431795806735316e-01
9.932972236042303393e-01
2.695970028979517985e-01
2.260254251795544220e-02
4.057608433684022770e-02
1.285062056357056115e-01
6.730072311353982317e-02
6.084514218941187158e-01
9.348984305135320527e-01
3.060268269885152437e-01
2.831006123634464619e-02
1.865903207949300702e-01
4.973789766553260439e-01
2.243453813152600923e-02
3.086879169510531751e-03
4.986398125902727005e-03
1.310684686300444581e-02
3.748258198128204821e-01
5.682038898572784255e-03
7.461156066681413901e-03
4.674377869861837814e-02
5.241018953719259882e-03
2.946444102110997165e-01
5.976481051078248903e-03
2.216579852096200662e-02
3.119197182097260823e-01
2.834632358006959896e-01
2.461761027772711719e-01
2.001546909496604298e-01
5.700407023522342798e-02
6.571252157672781147e-01
2.846601057869096920e-03
1.044982885429500130e-01
8.348759187444517241e-04
4.280257309359972303e-04
2.715721154084977385e-01
1.859501140674620426e-02
9.779868156185874684e-01
1.000386248427594937e-01
3.251703662093534397e-02
6.842517441716496063e-03
6.220185188515419128e-01
1.360822188354055551e-01
9.870516932806441268e-01
3.144539925619181664e-02
8.687765009126070526e-01
6.855176300896542729e-02
4.892859872084312500e-01
1.640007705209667321e-01
2.867830970243216964e-03
2.213175707844507178e-01
4.297517672123127991e-02
1.725111530715014163e-01
2.111777742559734199e-03
2.710202621620186672e-02
2.194897049456748794e-01
1.170874661465389488e-01
9.192891676532970180e-03
5.335635715973834070e-03
8.473657724808530967e-01
2.213175707844507178e-01
6.996140229914616943e-04
1.316125012251837534e-01
7.785390583519056530e-03
9.981970674318726422e-01
2.945898054182196149e-02
6.725472123683776671e-01
9.893514644923310231e-01
2.084075506053513840e-02
1.604842363081076259e-03
1.119595314019875276e-01
8.015711743552816904e-02
4.342705238172963056e-01
3.306597838389921384e-02
5.069562639291770312e-01
9.997092260837444622e-01
7.109223537947822157e-03
2.213175707844507178e-01
7.282534824211699120e-02
3.349169222027506554e-03
5.481636119111472222e-03
5.422685003057451381e-01
2.312188701946157193e-03
1.271928179175330596e-02
4.926990338825172795e-03
1.458373021573072525e-01
1.864108965894113387e-02
9.228548419761917199e-01
1.396491168976738972e-01
8.512385109931855931e-01
3.356359081465921240e-02
4.505011947616633372e-01
2.213175707844507178e-01
3.981394873151822278e-02
2.968301160980608699e-01
6.590778400859671239e-03
4.582060281847715952e-03
2.428206772802341540e-01
8.313774786148860896e-01
5.828111839789217735e-02
2.213175707844507178e-01
2.213175707844507178e-01
4.618563657634990327e-01
4.537320269535896622e-02
6.309561865960114924e-01
1.906700141268418414e-01
1.637593298540653552e-01
9.053559062636405697e-02
1.252543968452304694e-02
2.295503328873667315e-02
2.564924708723323454e-01
4.234316569388120108e-03
9.148693714169977564e-01
4.899781851919537967e-01
1.466242085948238072e-01
6.333107175807212164e-01
4.110525476232000375e-01
1.744171198674190071e-01
2.511743926479538883e-02
5.889682963273981664e-03
3.545283834603957934e-02
1.974766778156520318e-03
2.003889299381467204e-01
9.053738874744138646e-03
5.347836077201578719e-02
5.864681609294969400e-01
9.443032281509592396e-01
4.845887485463064824e-03
6.169674812008607567e-01
1.443023834877643630e-01
2.805284079806845063e-02
2.150040541565183538e-01
1.255401169597351874e-01
3.482240342762503160e-01
1.443648521965594338e-02
1.057765289745759424e-02
3.183804465899971459e-01
3.086329606224350042e-01
8.176260861898097462e-03
9.371532341128681332e-02
1.178797405836377599e-01
8.289447129139916326e-01
4.994415888315727886e-02
9.223559537904171823e-02
9.988454648868840824e-01
4.725029600942417390e-02
1.922102181262910076e-02
1.951652042878068150e-01
4.952351724776622721e-02
4.996467262597061726e-02
2.888650989180320972e-03
4.756100902830508355e-03
9.952785229734144590e-01
2.194506361539817207e-01
1.604567729886689775e-01
4.366260217346048557e-03
7.319301517364508458e-02
2.213175707844507178e-01
7.676162669632129176e-02
1.808782536968262522e-01
1.137119792050243910e-01
2.031839653112277599e-01
5.732948383804194886e-02
7.016996766743918701e-02
1.936413514371295441e-01
5.413412814666778740e-03
4.750188661707809446e-04
7.742411890985740897e-01
4.277046921440672694e-02
9.829129273633926411e-01
8.753225679145778537e-01
1.350734708110913063e-01
2.886748592515130385e-01
1.388541471339842792e-01
1.036581375914997008e-03
4.525056190441249099e-02
8.921412342642152105e-01
9.901916402182164845e-01
1.138131986319800976e-01
2.213175707844507178e-01
3.496431875904043585e-02
7.686832347320794734e-02
1.578728841648132930e-01
3.895263820295626761e-02
2.213175707844507178e-01
1.286925625375245907e-01
3.123018808264322200e-03
1.053475484458409744e-01
3.002574800201228064e-02
2.870785529567100938e-02
1.332153124465902628e-03
1.469364333535922440e-01
9.776711450758628352e-01
6.881444775850860396e-02
4.218261554371850464e-01
2.939923996010507939e-02
2.798822119221329799e-02
2.241773876394283493e-01
1.311273358874911477e-01
1.345919399082342097e-04
4.992658094691945769e-02
1.840449489365376390e-01
1.379858775608118829e-02
1.742246709342043899e-03
2.465000947165977563e-01
4.572377303477503235e-02
2.920713380034746856e-03
8.066657022280743217e-01
5.871679535934097860e-01
9.891477649640958436e-01
4.656940886975948629e-02
2.708246570418599841e-01
2.213175707844507178e-01
3.270412649119106702e-02
1.092827311744099111e-01
1.698011334743624312e-01
2.413945458092653373e-01
2.213175707844507178e-01
6.664996061592817767e-02
3.602798609631004817e-02
1.284896261209099444e-02
2.213175707844507178e-01
2.213175707844507178e-01
1.696961131212717244e-01
4.164309462206404189e-01
5.940842873393806789e-01
2.253698955954941754e-02
8.919246074083014494e-03
1.356852159245998113e-01
6.620540693492410478e-01
1.300877167349636342e-02
9.499256072542617071e-03
9.843775929473725927e-01
1.647373411902850471e-01
1.630657326757913583e-01
7.465110154764883488e-01
1.213266189880208949e-02
2.749093290371985576e-01
1.716770081405852300e-02
2.213175707844507178e-01
5.249967485441499847e-03
6.523119428124024566e-01
9.412284394723229725e-03
9.518123886824058077e-01
9.995354890107208679e-01
5.329175707729121199e-03
3.734152930195882569e-01
2.039710905582219902e-01
7.232267035732738991e-01
9.988118048005989458e-01
1.440813841510945048e-01
2.213175707844507178e-01
9.707811066588442062e-01
9.910718373297225936e-01
3.589638688353982698e-02
2.854324090683076423e-02
4.986146641641411859e-01
2.209309724089280613e-01
6.304959626928631489e-02
8.338874291313989884e-02
1.940706893343871475e-01
3.138214070665527877e-02
5.071693215972105095e-01
1.489253095226684628e-02
2.362552338358396009e-01
2.111424782935784339e-01
1.154660675047771388e-02
4.617868084945866980e-02
6.121109563449147160e-03
2.568120528402381697e-01
2.805280775959924644e-01
1.672655027111417947e-01
4.317930005591379822e-02
2.213175707844507178e-01
5.386164536514610052e-02
8.427750555803623644e-01
8.511144031423120704e-02
3.252272883262553038e-01
5.393380201410914454e-01
7.487981755027345310e-02
7.433440309988086081e-02
3.494853010259844073e-01
4.970688686376332523e-03
2.300359116440950369e-01
2.393717199351940161e-01
1.904771892018428392e-01
4.164909044585590053e-02
4.714608765185147356e-03
2.576645104722223856e-01
8.669817560662153033e-01
8.014284859826156793e-02
1.257109311432340892e-01
2.027722023773761637e-02
1.378006547798115711e-01
1.220463437781613703e-01
9.733476173368453832e-01
7.777645549946232695e-01
1.647595211801406931e-02
6.224593793483922805e-02
5.300478806331822279e-02
9.901973891179637333e-01
5.727495225149483726e-01
9.950207709833384095e-01
8.898234868301508893e-01
9.696102866637295037e-01
1.150400781774478347e-02
7.116957591387013116e-01
9.766718071215843011e-01
2.213175707844507178e-01
2.531793613561927198e-02
1.204100414131092922e-02
8.232105726896802311e-01
2.213175707844507178e-01
4.694286911299403453e-01
6.344779870633345809e-01
4.088543839014641829e-02
9.792669780891916087e-02
1.106940992842599114e-01
3.278501454175058311e-02
1.785877088903157356e-02
9.244789661197740441e-03
1.631524539411850772e-01
1.499948007492665769e-01
3.918883157073183021e-02
1.181237282814764089e-01
7.855366824688857497e-01
2.506443681204724439e-02
3.389522695242248168e-02
7.616031405806787946e-01
2.838013822248892926e-02
3.125605923729438823e-02
4.395827509124442672e-02
8.838755458028028922e-02
5.683923105626135369e-02
8.578260216822394812e-02
9.755767358276784540e-01
1.565355322016055151e-01
4.290603678940138610e-02
1.690248342034971485e-01
9.597260403573278087e-02
3.854509444757237557e-01
2.742701892896672392e-02
3.907966946510184614e-01
1.830442578874396861e-02
1.316693169769801719e-01
3.254628926557018992e-02
8.229683113317515231e-01
3.199297342139491990e-02
1.916331851803260156e-02
8.853807088062861652e-01
2.002131161504394630e-01
2.016788472832216628e-01
1.639828413804485588e-02
2.328685630015936980e-01
1.100792295139404048e-01
3.616407443073219041e-02
2.981597591462377128e-01
4.041013648681615056e-01
1.265986965377219331e-01
6.600875833624839650e-01
3.238329151678662546e-03
2.250744895467097495e-01
6.390358306839200031e-02
3.019838567315963340e-01
1.263815677116898462e-01
4.744399552997283914e-02
8.288204750335238513e-01
1.073904945496700902e-02
2.485971031999098177e-02
2.720766997456589009e-02
3.129317636989956686e-01
4.950691127002694869e-01
2.110960649829359340e-02
7.248167398541215112e-02
5.225545500744146338e-02
1.531211170186070336e-01
2.108814427097019297e-03
1.568393042816590144e-01
9.943425766314443193e-01
2.000883785089424202e-02
9.944846770478493747e-02
1.650645484057614576e-01
4.686962010779591875e-02
2.460761464127187992e-01
2.484160280405608035e-03
3.992968200793760910e-04
1.184862218040168974e-02
8.582307377745316268e-01
3.961142840066486648e-02
5.390576731163856938e-02
2.239175583996733387e-01
9.923671219579379699e-01
3.894136711870239131e-01
9.334753681666817238e-02
9.014172583119020032e-01
7.518393057154276922e-03
9.612831316904855983e-02
1.115727479458411137e-01
2.471285308102752834e-02
2.861018610012260877e-01
4.462793373497320193e-02
1.973717264878211419e-01
1.026666606808566695e-01
1.759631783044327824e-01
4.067173711372481376e-02
8.039018766501035418e-02
2.848762229605682483e-01
1.013804712672207176e-01
5.007047104184370739e-02
5.443156184629704963e-01
3.334211055726430950e-01
1.100551659958716039e-01
1.159485162849208939e-01
1.408546588752429274e-01
1.744192480269862386e-02
3.243163630045280410e-01
3.518229068151957351e-01
1.434439158496261801e-01
2.040769506655670529e-01
2.213175707844507178e-01
2.125302951635267001e-01
3.291368799481678153e-03
2.213175707844507178e-01
2.240172671911988822e-01
8.522649000595204638e-03
9.952594318103591409e-01
4.321353905583488753e-02
6.384466445183059613e-02
2.887453743100294040e-02
9.973398140359978070e-01
1.193313823387707195e-01
1.072316548589091929e-02
9.363591792557258986e-02
6.166445721929245116e-03
5.692142835741985374e-02
2.809033885370832428e-01
9.223232773944967100e-02
8.913042872890745288e-03
2.896214299715521925e-02
2.142733230657357379e-01
9.141262677570169415e-02
9.999803827513337184e-01
4.625012391180935434e-02
1.138602037899756475e-01
4.864382716125125600e-02
3.878219207685915798e-02
9.105924227244034386e-01
1.283336411704500031e-02
1.597464729389485583e-01
9.983613647664816293e-01
1.478039942075016488e-01
1.116210305719843865e-01
2.226421337463497813e-03
4.242118441303891624e-02
8.210310622940927283e-01
1.305504424409951736e-01
7.129259590462155849e-02
9.999787802826233252e-01
9.617620281468569274e-03
2.325931474775968510e-01
8.075417372302369223e-01
7.001810585461403225e-01
8.847014575582819174e-02
2.213175707844507178e-01
6.098168816639708972e-02
1.140736867787564279e-01
7.016739563195639566e-03
1.297146549521670800e-01
4.599945769647897920e-02
2.367189773197567876e-02
1.664943476683699297e-01
1.111182069695179631e-01
3.509268930999628888e-02
2.090920118019040375e-01
2.349820577680704070e-01
9.223189500759776394e-02
9.383067667309544224e-02
1.583676794442100133e-02
1.788850094782135913e-01
7.767194843742358801e-02
2.213175707844507178e-01
2.213175707844507178e-01
2.211633979779932188e-02
9.093438418888001237e-03
4.125055302992319123e-02
9.984741213939206661e-01
1.795926118915411318e-01
8.045466297421453861e-02
4.477575564610855596e-01
1.837805462602047912e-01
8.818772519066535309e-02
7.630654211466282588e-02
1.914942787604749785e-01
8.588012661036519002e-02
1.281094755005732777e-01
2.469692148858481165e-02
9.926054909536967674e-01
7.953893106843751282e-02
2.342298524389436684e-02
2.510527457881744223e-02
2.485408540877537265e-01
8.117439479204655722e-03
3.263474896029756600e-01
7.909495117089409000e-01
5.001488685747199764e-02
1.977089946165184187e-01
2.620262716767032818e-01
2.213175707844507178e-01
6.635308202847901571e-01
1.778053130829256034e-01
1.970847834212132929e-02
9.437670845753141080e-01
1.427174741738518153e-02
7.415728706276018822e-02
9.010737892263944587e-03
1.225671045804937048e-01
1.399009366727024632e-02
3.711031327000213764e-01
6.004676631350460703e-01
1.911284328380454256e-01
1.131949606508151768e-01
9.821635127726974224e-01
1.671109886394318844e-01
2.919754220181316334e-02
3.851702447620757308e-01
1.622417237067644985e-02
1.067660953221962056e-01
2.453687108719525278e-01
9.919006257433505835e-01
3.571044891912504137e-03
1.281908965904787756e-02
5.780054653022737021e-01
3.607497749599489212e-02
7.595202389321590274e-03
5.251112105124811080e-02
7.910949751538729272e-03
7.644002892760690115e-02
5.385781782165605797e-03
1.355719050470113873e-01
5.220820134642569638e-02
5.736203989706389894e-02
4.371979628265185332e-03
5.871893963196490596e-01
8.915596601766856422e-02
9.452023336260880759e-01
2.424331879578754938e-03
4.382176879087110177e-01
9.980388772563855149e-01
9.998238429104024938e-01
4.726420063419590339e-02
9.716275316867613032e-01
7.607049019250634869e-02
6.122718443617494039e-02
1.881972566352413945e-01
1.210795540123701247e-02
1.216317206589056510e-01
6.169843369164736829e-02
3.420298341019160915e-02
3.236990087105570679e-01
2.330127728943297977e-02
1.378817810568476188e-01
2.357997551115736945e-02
9.999995237817330684e-01
4.674187881123459953e-01
8.784085870185558143e-02
3.140503888106861013e-02
1.628077103514889157e-01
1.580421587332618213e-02
2.446336536477092694e-03
1.175734755650450873e-02
2.120237533219633541e-01
1.120716213368168901e-01
4.504582310535464040e-02
5.595323733601446220e-02
9.998014871133703574e-01
3.254875335193087582e-01
2.256309140069325814e-01
1.509885106928081496e-03
3.470773938160136990e-02
3.241839270128873268e-02
4.738259721732030784e-03
1.933433552927048618e-02
1.079582185290196492e-02
2.213175707844507178e-01
5.594314707302414091e-03
6.246415293201868640e-02
1.982076441216954962e-02
2.461936799715903068e-01
6.555426733056232691e-02
8.872220250998213986e-02
2.213175707844507178e-01
8.510841332310571383e-01
3.420842669501762690e-02
7.788327993491601653e-01
5.098381889722199967e-01
6.556824771885271241e-01
3.190214969724182170e-01
1.277972713167828574e-02
9.515692406187485630e-03
5.356920027865233469e-02
3.595061897271602247e-02
2.071907757797711302e-03
9.641391976151539867e-01
1.542053509561266689e-01
1.154902841408968206e-02
6.768840649115988317e-02
3.403578777778401010e-01
2.146481716187221001e-01
1.104867624379792940e-01
2.447603240090089616e-01
8.205449659602293000e-03
2.012827275856107941e-03
6.486810629427758150e-03
1.225871493473070645e-01
2.770998450060961280e-02
7.071087817766670558e-02
